# Element     s pos[m]    Horizontal Dispersion [m]
LT.QFN10       2.10450    +0          0 0 0
LT.QDN12       2.90450    +0	      0 0 0
LT.QFN20       7.58950    +0	      0 0 0
LT.QDN22       8.58950    +0	      0 0 0
LT.QFN30      13.44950    +0	      0 0 0
LT.QDN32      14.45950    +0	      0 0 0
LT.QFN40      19.09950    +0	      0 0 0
LT.QDN42      20.09950    +0	      0 0 0
LT.CDB10      21.74700    +0	      0 0 0
LT.BHZ20      24.53277    +0.139      0 0 0
LT.QFN50      30.76263    +1.81	      0 0 0
LT.QDN55      34.96263    +0.204      0 0 0
LT.QFN60      39.83264    -1.422      0 0 0
LT.QDN65      41.74064    -1.637      0 0 0
LT.QFW70      46.97614    -3.37	      0 0 0
LT.QDN75      50.26264    -1.345      0 0 0
LT.BHZ30      54.52432    +0.151      0 0 0
LTB.QFN10     58.41954    +0.187      0 0 0
LTB.QDN20     59.41954    +0.132      0 0 0
LTB.QFW30     69.27254    -0.204      0 0 0
LTB.QDW40     70.27254    -0.207      0 0 0
LTB.QFW50     79.82254    -0.606      0 0 0
LTB.QDW60     81.12254    -0.433      0 0 0
LTB.BHZ40     83.60804    -0.44	      0 0 0
BI.QNO10      96.56304    -0.424      0 0 0
BI.QNO20      97.56304    -0.225      0 0 0
BI.QNO30     106.91374    +0.5	      0 0 0
BI.QNO40     108.16320    +0.429      0 0 0
BI1.QNO50    122.87025    +1.667      0 0 0
BI1.QNO60    123.62025    +1.15       0 0 0
