# NAME  S DISPERSION  ERR_DISPERSION
LT.BPM10 1.400000 -0.000000 0.000005 22.304995 9.997692 
LT.BPM20 17.177500 -40.521261 23.496135 -8.686528 8.744123 
LT.BPM30 20.995000 35.764184 13.129481 -35.737618 16.463143 
LT.BPM40 34.045130 -496.673115 12.751840 -387.426140 21.316642 
LT.BPM50 52.783140 765.044448 10.669069 -316.288906 9.769050 
LTB.BPM10 60.437540 71.940399 49.633442 8.259965 8.221227 
LTB.BPM20 67.642040 -36.909675 39.047497 262.937578 19.639523 
LTB.BPM30 82.046040 -110.933372 17.960737 619.732049 21.153840 
BI.BPM00 89.759040 -214.378729 26.359561 -159.820811 7.315750 
BI.BPM10 95.212040 -377.889343 42.043535 -620.248547 28.490170 
BI.BPM20 104.413640 54.919265 14.609190 347.029248 15.273277 
BI.BPM30 107.294050 161.875709 15.034380 998.838808 59.238889 
# commented by hand after they have been created 
#BI1.BPM40 124.512250 -259.531342 39.167711 -382.159523 59.136737 
#BI1.BPM50 127.085250 -181.738954 23.472287 -245.059877 30.987752 
