# NAME S DISP_X ERR_DISP_X DISP_Y ERR_DISP_Y
LT.BPM10 1.400000 -11.575126 7.282008 -10.477408 9.340394 
LT.BPM20 17.177500 39.060764 11.905247 10.543084 8.763396 
LT.BPM30 20.995000 7.039215 11.761844 24.778135 17.332030 
LT.BPM40 34.045130 -546.555701 6.039630 -95.801650 19.631403 
LT.BPM50 52.783140 639.227252 6.318307 -83.277108 5.310335 
LTB.BPM10 60.437540 66.928586 44.502530 31.854363 9.177894 
LTB.BPM20 67.642040 -20.278577 37.744193 144.386750 17.737277 
LTB.BPM30 82.046040 -82.376967 11.999606 383.605461 19.907786 
BI.BPM00 89.759040 -100.696743 20.939502 -82.595966 8.706540 
BI.BPM10 95.212040 -151.315093 37.957720 -630.943748 29.385084 
BI.BPM20 104.413640 48.327528 11.981554 495.905172 17.445348 
BI.BPM30 107.294050 14.059895 11.410138 2322.733757 64.097813 
# commented by hand after the creation
# BI1.BPM40 124.512250 515.348189 32.382273 779.736562 57.034378 
# BI1.BPM50 127.085250 117.153898 30.898961 261.365918 64.355846 
