# NAME  S DISPERSION  ERR_DISPERSION
LT.BPM10 1.400000 -22.304995 9.997692 0.0 0.0
LT.BPM20 17.177500 8.686528 8.744123 0.0 0.0
LT.BPM30 20.995000 35.737618 16.463143 0.0 0.0
LT.BPM40 34.045130 387.426140 21.316642 0.0 0.0
LT.BPM50 52.783140 316.288906 9.769050 0.0 0.0
LTB.BPM10 60.437540 -8.259965 8.221227 0.0 0.0
LTB.BPM20 67.642040 -262.937578 19.639523 0.0 0.0
LTB.BPM30 82.046040 -619.732049 21.153840 0.0 0.0
BI.BPM00 89.759040 159.820811 7.315750 0.0 0.0
BI.BPM10 95.212040 620.248547 28.490170 0.0 0.0
BI.BPM20 104.413640 -347.029248 15.273277 0.0 0.0
BI.BPM30 107.294050 -998.838808 59.238889 0.0 0.0
BI1.BPM40 124.512250 382.159523 59.136737 0.0 0.0
BI1.BPM50 127.085250 245.059877 30.987752 0.0 0.0
