# NAME  S DISPERSION  ERR_DISPERSION
LT.BPM10 1.400000 0.000000 0.000005 0.0 0.0
LT.BPM20 17.177500 40.521261 23.496135 0.0 0.0
LT.BPM30 20.995000 -35.764184 13.129481 0.0 0.0
LT.BPM40 34.045130 496.673115 12.751840 0.0 0.0
LT.BPM50 52.783140 -765.044448 10.669069 0.0 0.0
LTB.BPM10 60.437540 -71.940399 49.633442 0.0 0.0
LTB.BPM20 67.642040 36.909675 39.047497 0.0 0.0
LTB.BPM30 82.046040 110.933372 17.960737 0.0 0.0
BI.BPM00 89.759040 214.378729 26.359561 0.0 0.0
BI.BPM10 95.212040 377.889343 42.043535 0.0 0.0
BI.BPM20 104.413640 -54.919265 14.609190 0.0 0.0
BI.BPM30 107.294050 -161.875709 15.034380 0.0 0.0
BI1.BPM40 124.512250 259.531342 39.167711 0.0 0.0
BI1.BPM50 127.085250 181.738954 23.472287 0.0 0.0
