BTM.BSFHV01
-23.0   0.0
-22.0   0.09765625
-21.0   0.0
-20.0   0.1190185546875
-19.0   0.0
-18.0   0.262451171875
-17.0   0.10986328125
-16.0   0.323486328125
-15.0   0.54931640625
-14.0   0.3570556640625
-13.0   0.506591796875
-12.0   0.933837890625
-11.0   1.9256591796875
-10.0   4.4586181640625
-9.0   10.4278564453125
-8.0   22.5128173828125
-7.0   58.6029052734375
-6.0   55.2154541015625
-5.0   18.603515625
-4.0   9.3902587890625
-3.0   4.7882080078125
-2.0   2.5115966796875
-1.0   0.6072998046875
0.0   0.3692626953125
1.0   0.299072265625
2.0   0.433349609375
3.0   0.244140625
4.0   0.323486328125
5.0   0.1220703125
6.0   0.4852294921875
7.0   0.274658203125
8.0   0.0
9.0   0.3570556640625
10.0   0.0823974609375
11.0   0.6103515625
12.0   0.5706787109375
13.0   0.360107421875
14.0   0.164794921875
15.0   0.6622314453125
16.0   0.1922607421875
17.0   0.2899169921875
18.0   0.0
19.0   0.0457763671875
20.0   0.0
21.0   0.1312255859375
22.0   0.3997802734375
23.0   0.201416015625
24.0   0.2777099609375
BTM.BSFHV02
-11.5   0.0
-11.0   0.1190185546875
-10.5   0.13427734375
-10.0   0.2288818359375
-9.5   0.616455078125
-9.0   0.30517578125
-8.5   0.0
-8.0   0.146484375
-7.5   0.189208984375
-7.0   0.0
-6.5   0.054931640625
-6.0   0.18310546875
-5.5   0.0
-5.0   1.03759765625
-4.5   1.129150390625
-4.0   2.3590087890625
-3.5   4.7210693359375
-3.0   10.25390625
-2.5   17.3065185546875
-2.0   38.7542724609375
-1.5   71.3714599609375
-1.0   69.7906494140625
-0.5   64.35546875
0.0   25.823974609375
0.5   14.984130859375
1.0   7.8948974609375
1.5   4.57763671875
2.0   2.4871826171875
2.5   0.8026123046875
3.0   0.634765625
3.5   0.54931640625
4.0   0.2105712890625
4.5   0.0
5.0   0.616455078125
5.5   0.0
6.0   0.2227783203125
6.5   0.0
7.0   0.0
7.5   0.238037109375
8.0   0.35400390625
8.5   0.0
9.0   0.5035400390625
9.5   0.0
10.0   0.0
10.5   0.2777099609375
11.0   0.0
11.5   0.0
12.0   0.0
BTM.BSFHV03
-23.0   0.0396728515625
-22.0   1.654052734375
-21.0   1.2847900390625
-20.0   0.0
-19.0   1.263427734375
-18.0   1.2603759765625
-17.0   0.0
-16.0   1.300048828125
-15.0   1.6387939453125
-14.0   0.1678466796875
-13.0   1.617431640625
-12.0   1.07421875
-11.0   0.0
-10.0   1.666259765625
-9.0   1.7578125
-8.0   0.01220703125
-7.0   1.8310546875
-6.0   1.85546875
-5.0   0.0
-4.0   1.6326904296875
-3.0   1.409912109375
-2.0   1.52587890625
-1.0   1.84326171875
0.0   1.0833740234375
1.0   3.0914306640625
2.0   4.1229248046875
3.0   8.1573486328125
4.0   15.380859375
5.0   24.932861328125
6.0   31.2774658203125
7.0   20.4071044921875
8.0   9.716796875
9.0   7.0648193359375
10.0   4.67529296875
11.0   1.9073486328125
12.0   2.47802734375
13.0   2.081298828125
14.0   0.5523681640625
15.0   1.129150390625
16.0   1.7974853515625
17.0   0.3814697265625
18.0   1.8524169921875
19.0   1.544189453125
20.0   0.2655029296875
21.0   1.318359375
22.0   1.6326904296875
23.0   0.4150390625
24.0   1.263427734375
