BTM.BSFHV01
-23.0   0.0
-22.0   0.0
-21.0   0.0
-20.0   0.0
-19.0   0.238037109375
-18.0   0.0
-17.0   0.0
-16.0   0.048828125
-15.0   0.262451171875
-14.0   0.0
-13.0   0.1007080078125
-12.0   0.732421875
-11.0   1.9805908203125
-10.0   4.33349609375
-9.0   10.137939453125
-8.0   21.03271484375
-7.0   29.0313720703125
-6.0   25.1953125
-5.0   14.6881103515625
-4.0   6.243896484375
-3.0   3.16162109375
-2.0   1.3031005859375
-1.0   0.2777099609375
0.0   0.1190185546875
1.0   0.0
2.0   0.0
3.0   0.0
4.0   0.067138671875
5.0   0.0
6.0   0.0
7.0   0.0
8.0   0.0
9.0   0.1617431640625
10.0   0.28076171875
11.0   0.0
12.0   0.091552734375
13.0   0.2197265625
14.0   0.0
15.0   0.238037109375
16.0   0.2532958984375
17.0   0.0
18.0   0.4730224609375
19.0   0.5828857421875
20.0   0.048828125
21.0   0.13427734375
22.0   0.0
23.0   0.0823974609375
24.0   0.1922607421875
BTM.BSFHV02
-11.5   0.0
-11.0   0.06103515625
-10.5   0.0
-10.0   0.0274658203125
-9.5   0.3387451171875
-9.0   0.244140625
-8.5   1.3580322265625
-8.0   1.9195556640625
-7.5   4.4158935546875
-7.0   8.6151123046875
-6.5   23.7457275390625
-6.0   43.9727783203125
-5.5   68.3563232421875
-5.0   46.56982421875
-4.5   20.306396484375
-4.0   8.3099365234375
-3.5   3.74755859375
-3.0   1.9683837890625
-2.5   1.3336181640625
-2.0   0.4150390625
-1.5   0.6011962890625
-1.0   0.2838134765625
-0.5   0.0274658203125
0.0   0.0
0.5   0.0
1.0   0.0
1.5   0.067138671875
2.0   0.4791259765625
2.5   0.2960205078125
3.0   0.0
3.5   0.0
4.0   0.0
4.5   0.0
5.0   0.0
5.5   0.0
6.0   0.128173828125
6.5   0.0
7.0   0.0
7.5   0.0
8.0   0.0
8.5   0.0
9.0   0.0
9.5   0.06103515625
10.0   0.0
10.5   0.0
11.0   0.0
11.5   0.0
12.0   0.0
BTM.BSFHV03
-23.0   0.0
-22.0   0.0274658203125
-21.0   0.0
-20.0   0.18310546875
-19.0   0.0
-18.0   0.0
-17.0   0.0885009765625
-16.0   0.103759765625
-15.0   0.37841796875
-14.0   0.4150390625
-13.0   0.5035400390625
-12.0   0.0
-11.0   0.37841796875
-10.0   0.1708984375
-9.0   0.1678466796875
-8.0   0.018310546875
-7.0   0.3753662109375
-6.0   0.0
-5.0   0.0
-4.0   0.0
-3.0   0.1312255859375
-2.0   0.0
-1.0   0.567626953125
0.0   0.2227783203125
1.0   1.055908203125
2.0   1.0284423828125
3.0   4.3914794921875
4.0   13.104248046875
5.0   25.4730224609375
6.0   24.4171142578125
7.0   12.646484375
8.0   4.541015625
9.0   1.8524169921875
10.0   0.238037109375
11.0   0.5645751953125
12.0   0.1495361328125
13.0   0.4302978515625
14.0   0.1190185546875
15.0   0.537109375
16.0   0.396728515625
17.0   0.1129150390625
18.0   0.1739501953125
19.0   0.0762939453125
20.0   0.3387451171875
21.0   0.079345703125
22.0   0.604248046875
23.0   0.0823974609375
24.0   0.0
