BTM.BSFHV01
-23.0   0.3692626953125
-22.0   0.628662109375
-21.0   0.787353515625
-20.0   0.6744384765625
-19.0   0.506591796875
-18.0   0.5035400390625
-17.0   0.7659912109375
-16.0   0.62255859375
-15.0   0.634765625
-14.0   1.007080078125
-13.0   0.9918212890625
-12.0   1.5411376953125
-11.0   0.69580078125
-10.0   0.592041015625
-9.0   0.93994140625
-8.0   1.104736328125
-7.0   1.7974853515625
-6.0   3.326416015625
-5.0   6.842041015625
-4.0   14.117431640625
-3.0   35.516357421875
-2.0   49.4354248046875
-1.0   25.2288818359375
0.0   9.716796875
1.0   5.145263671875
2.0   2.94189453125
3.0   1.3671875
4.0   1.2420654296875
5.0   0.59814453125
6.0   1.092529296875
7.0   0.762939453125
8.0   0.7598876953125
9.0   1.0711669921875
10.0   0.8544921875
11.0   1.6021728515625
12.0   0.6439208984375
13.0   0.872802734375
14.0   0.78125
15.0   1.055908203125
16.0   0.323486328125
17.0   0.9552001953125
18.0   0.927734375
19.0   0.74462890625
20.0   0.67138671875
21.0   0.6866455078125
22.0   0.6103515625
23.0   0.8544921875
24.0   0.567626953125
BTM.BSFHV02
-11.5   0.0
-11.0   0.0
-10.5   0.0
-10.0   0.0
-9.5   0.372314453125
-9.0   0.08544921875
-8.5   0.0
-8.0   0.2349853515625
-7.5   0.335693359375
-7.0   0.0
-6.5   0.0
-6.0   0.2197265625
-5.5   0.0
-5.0   0.018310546875
-4.5   0.0
-4.0   0.323486328125
-3.5   0.0
-3.0   0.5157470703125
-2.5   0.0
-2.0   0.286865234375
-1.5   0.079345703125
-1.0   0.40283203125
-0.5   0.0
0.0   0.0
0.5   0.299072265625
1.0   0.2899169921875
1.5   0.8697509765625
2.0   2.020263671875
2.5   2.8350830078125
3.0   6.0211181640625
3.5   10.382080078125
4.0   21.3287353515625
4.5   51.3519287109375
5.0   60.25390625
5.5   57.220458984375
6.0   26.45263671875
6.5   12.87841796875
7.0   6.4849853515625
7.5   4.1107177734375
8.0   2.1087646484375
8.5   0.3265380859375
9.0   0.4852294921875
9.5   0.0
10.0   0.0
10.5   0.3997802734375
11.0   0.0732421875
11.5   0.0
12.0   0.2227783203125
BTM.BSFHV03
-23.0   0.0
-22.0   0.3814697265625
-21.0   1.0223388671875
-20.0   0.201416015625
-19.0   0.15869140625
-18.0   0.7415771484375
-17.0   0.0
-16.0   0.7232666015625
-15.0   0.189208984375
-14.0   0.0762939453125
-13.0   0.10986328125
-12.0   0.0
-11.0   0.40283203125
-10.0   0.0
-9.0   0.9185791015625
-8.0   0.35400390625
-7.0   0.347900390625
-6.0   0.4638671875
-5.0   0.2655029296875
-4.0   0.47607421875
-3.0   0.2349853515625
-2.0   0.726318359375
-1.0   0.0
0.0   0.1312255859375
1.0   0.0762939453125
2.0   0.3814697265625
3.0   0.2410888671875
4.0   0.0
5.0   0.0
6.0   0.9765625
7.0   1.4068603515625
8.0   0.689697265625
9.0   2.227783203125
10.0   3.1829833984375
11.0   4.864501953125
12.0   10.14404296875
13.0   19.0673828125
14.0   18.51806640625
15.0   11.1663818359375
16.0   5.4840087890625
17.0   3.0181884765625
18.0   1.904296875
19.0   1.043701171875
20.0   0.604248046875
21.0   0.30517578125
22.0   0.1861572265625
23.0   0.1495361328125
24.0   0.0457763671875
