BTM.BSFHV01
-23.0   0.4669189453125
-22.0   0.4638671875
-21.0   0.0
-20.0   1.446533203125
-19.0   0.1068115234375
-18.0   0.4669189453125
-17.0   0.76904296875
-16.0   0.8514404296875
-15.0   2.4444580078125
-14.0   4.803466796875
-13.0   10.0982666015625
-12.0   24.7711181640625
-11.0   58.740234375
-10.0   60.4217529296875
-9.0   27.301025390625
-8.0   10.8642578125
-7.0   5.224609375
-6.0   2.581787109375
-5.0   1.849365234375
-4.0   1.2298583984375
-3.0   1.055908203125
-2.0   0.994873046875
-1.0   0.1617431640625
0.0   0.634765625
1.0   0.13427734375
2.0   0.5615234375
3.0   0.2838134765625
4.0   1.08642578125
5.0   0.3173828125
6.0   0.3753662109375
7.0   0.543212890625
8.0   1.043701171875
9.0   0.6561279296875
10.0   0.1953125
11.0   1.2115478515625
12.0   0.3173828125
13.0   0.57373046875
14.0   0.87890625
15.0   0.244140625
16.0   0.69580078125
17.0   0.7537841796875
18.0   0.59814453125
19.0   0.4638671875
20.0   0.3875732421875
21.0   0.701904296875
22.0   0.054931640625
23.0   0.5523681640625
24.0   1.23291015625
BTM.BSFHV02
-11.5   0.0
-11.0   0.08544921875
-10.5   0.0
-10.0   0.81787109375
-9.5   1.611328125
-9.0   4.022216796875
-8.5   8.3404541015625
-8.0   15.5853271484375
-7.5   31.97021484375
-7.0   74.67041015625
-6.5   99.9969482421875
-6.0   78.094482421875
-5.5   34.9945068359375
-5.0   17.0013427734375
-4.5   9.6588134765625
-4.0   4.8583984375
-3.5   1.3397216796875
-3.0   0.7781982421875
-2.5   0.18310546875
-2.0   0.0
-1.5   0.0
-1.0   0.0
-0.5   0.0
0.0   0.0
0.5   0.0
1.0   0.0
1.5   0.0
2.0   0.0274658203125
2.5   0.0
3.0   0.0
3.5   0.0
4.0   0.0
4.5   0.0
5.0   0.0
5.5   0.0
6.0   0.0885009765625
6.5   0.0823974609375
7.0   0.0
7.5   0.0
8.0   0.25634765625
8.5   0.0
9.0   0.0
9.5   0.1129150390625
10.0   0.0
10.5   0.0
11.0   0.0
11.5   0.0
12.0   0.0
BTM.BSFHV03
-23.0   0.0
-22.0   0.1800537109375
-21.0   0.0
-20.0   0.067138671875
-19.0   0.0
-18.0   0.0
-17.0   0.4119873046875
-16.0   0.0762939453125
-15.0   0.1800537109375
-14.0   0.0
-13.0   0.13427734375
-12.0   0.0
-11.0   0.0
-10.0   0.25634765625
-9.0   0.067138671875
-8.0   0.5889892578125
-7.0   1.33056640625
-6.0   1.8402099609375
-5.0   2.8839111328125
-4.0   5.0567626953125
-3.0   11.285400390625
-2.0   22.8118896484375
-1.0   28.5125732421875
0.0   19.384765625
1.0   9.4970703125
2.0   5.23681640625
3.0   2.62451171875
4.0   1.59912109375
5.0   1.055908203125
6.0   0.628662109375
7.0   0.0
8.0   0.1861572265625
9.0   0.3173828125
10.0   0.0518798828125
11.0   0.0
12.0   0.25634765625
13.0   0.0
14.0   0.10986328125
15.0   0.0
16.0   0.0335693359375
17.0   0.0
18.0   0.0
19.0   0.0
20.0   0.0
21.0   0.2044677734375
22.0   0.57373046875
23.0   0.0
24.0   0.0
