BTM.BSFHV01
-23.0   0.030517578125
-22.0   0.86669921875
-21.0   0.69580078125
-20.0   0.2197265625
-19.0   0.37841796875
-18.0   0.537109375
-17.0   1.666259765625
-16.0   3.399658203125
-15.0   6.866455078125
-14.0   13.76953125
-13.0   36.590576171875
-12.0   63.2659912109375
-11.0   41.912841796875
-10.0   15.8905029296875
-9.0   8.1512451171875
-8.0   3.448486328125
-7.0   2.0599365234375
-6.0   1.7120361328125
-5.0   1.092529296875
-4.0   1.129150390625
-3.0   0.4608154296875
-2.0   0.689697265625
-1.0   0.4425048828125
0.0   0.0
1.0   0.482177734375
2.0   0.6195068359375
3.0   0.5584716796875
4.0   0.8880615234375
5.0   0.2685546875
6.0   0.701904296875
7.0   0.372314453125
8.0   0.5859375
9.0   0.555419921875
10.0   0.7049560546875
11.0   1.08642578125
12.0   0.64697265625
13.0   0.750732421875
14.0   0.7476806640625
15.0   0.7781982421875
16.0   0.8941650390625
17.0   0.59814453125
18.0   0.2777099609375
19.0   1.5777587890625
20.0   0.2777099609375
21.0   0.933837890625
22.0   0.4974365234375
23.0   0.40283203125
24.0   0.79345703125
BTM.BSFHV02
-11.5   1.5594482421875
-11.0   3.8970947265625
-10.5   7.8948974609375
-10.0   14.7491455078125
-9.5   32.366943359375
-9.0   67.767333984375
-8.5   99.6551513671875
-8.0   69.427490234375
-7.5   32.208251953125
-7.0   15.1519775390625
-6.5   9.0789794921875
-6.0   4.67529296875
-5.5   2.032470703125
-5.0   0.9063720703125
-4.5   0.494384765625
-4.0   0.4425048828125
-3.5   0.0
-3.0   0.006103515625
-2.5   0.0
-2.0   0.0
-1.5   0.32958984375
-1.0   0.0
-0.5   0.29296875
0.0   0.0
0.5   0.0885009765625
1.0   0.0
1.5   0.0
2.0   0.042724609375
2.5   0.2197265625
3.0   0.0
3.5   0.5859375
4.0   0.0
4.5   0.0
5.0   0.0
5.5   0.115966796875
6.0   0.1556396484375
6.5   0.0
7.0   0.0
7.5   0.2655029296875
8.0   0.2532958984375
8.5   0.5462646484375
9.0   0.0213623046875
9.5   0.0
10.0   0.0
10.5   0.1617431640625
11.0   0.2197265625
11.5   0.10986328125
12.0   0.9307861328125
BTM.BSFHV03
-23.0   0.341796875
-22.0   0.2838134765625
-21.0   0.18310546875
-20.0   0.2777099609375
-19.0   0.3143310546875
-18.0   0.79345703125
-17.0   0.25634765625
-16.0   0.421142578125
-15.0   0.42724609375
-14.0   0.0
-13.0   0.8514404296875
-12.0   0.29296875
-11.0   0.32958984375
-10.0   0.775146484375
-9.0   1.5228271484375
-8.0   2.4383544921875
-7.0   4.290771484375
-6.0   8.9080810546875
-5.0   18.035888671875
-4.0   28.4027099609375
-3.0   24.06005859375
-2.0   13.7451171875
-1.0   7.4615478515625
0.0   3.9154052734375
1.0   2.8564453125
2.0   1.5716552734375
3.0   1.470947265625
4.0   0.726318359375
5.0   0.0
6.0   0.933837890625
7.0   0.274658203125
8.0   0.1556396484375
9.0   0.469970703125
10.0   0.72021484375
11.0   0.054931640625
12.0   0.45166015625
13.0   0.8819580078125
14.0   0.0
15.0   0.4852294921875
16.0   0.0
17.0   0.225830078125
18.0   0.0152587890625
19.0   0.5218505859375
20.0   0.1678466796875
21.0   0.555419921875
22.0   1.068115234375
23.0   0.4730224609375
24.0   0.7659912109375
