BTM.BSFHV01
-23.0   0.2197265625
-22.0   0.4364013671875
-21.0   0.0
-20.0   0.2777099609375
-19.0   0.0
-18.0   0.0
-17.0   0.3875732421875
-16.0   0.0
-15.0   0.18310546875
-14.0   0.2197265625
-13.0   0.2105712890625
-12.0   0.5828857421875
-11.0   0.2899169921875
-10.0   0.0
-9.0   0.848388671875
-8.0   0.9796142578125
-7.0   1.0406494140625
-6.0   3.0609130859375
-5.0   6.34765625
-4.0   14.0380859375
-3.0   34.5977783203125
-2.0   73.7823486328125
-1.0   60.2203369140625
0.0   24.8291015625
1.0   10.0738525390625
2.0   4.9652099609375
3.0   1.8280029296875
4.0   1.1993408203125
5.0   0.2899169921875
6.0   0.18310546875
7.0   0.0
8.0   0.0
9.0   0.4547119140625
10.0   0.6439208984375
11.0   1.251220703125
12.0   0.1556396484375
13.0   0.0
14.0   0.40283203125
15.0   0.323486328125
16.0   0.0701904296875
17.0   0.2777099609375
18.0   0.079345703125
19.0   0.592041015625
20.0   0.323486328125
21.0   0.47607421875
22.0   0.1922607421875
23.0   0.20751953125
24.0   0.0
BTM.BSFHV02
-11.5   0.0
-11.0   0.0
-10.5   0.0
-10.0   0.0
-9.5   0.335693359375
-9.0   0.0
-8.5   0.0
-8.0   0.0
-7.5   0.0
-7.0   0.0
-6.5   0.347900390625
-6.0   0.0
-5.5   0.0
-5.0   0.0
-4.5   0.0
-4.0   0.0274658203125
-3.5   0.0
-3.0   0.0
-2.5   0.0
-2.0   0.0
-1.5   0.0
-1.0   0.1983642578125
-0.5   0.1068115234375
0.0   0.0
0.5   0.1495361328125
1.0   0.0
1.5   0.579833984375
2.0   0.5157470703125
2.5   1.7059326171875
3.0   2.850341796875
3.5   6.8450927734375
4.0   14.0228271484375
4.5   26.64794921875
5.0   59.6771240234375
5.5   99.9969482421875
6.0   99.9969482421875
6.5   57.562255859375
7.0   26.33056640625
7.5   14.678955078125
8.0   7.2509765625
8.5   3.6468505859375
9.0   1.2603759765625
9.5   1.055908203125
10.0   0.0
10.5   0.0
11.0   0.0
11.5   0.0
12.0   0.0
BTM.BSFHV03
-23.0   0.0
-22.0   1.3580322265625
-21.0   0.8392333984375
-20.0   0.0
-19.0   1.177978515625
-18.0   1.556396484375
-17.0   0.0
-16.0   1.3641357421875
-15.0   1.6082763671875
-14.0   0.0
-13.0   1.5899658203125
-12.0   1.275634765625
-11.0   0.0
-10.0   1.1627197265625
-9.0   1.1932373046875
-8.0   0.2227783203125
-7.0   1.55029296875
-6.0   1.776123046875
-5.0   0.0
-4.0   1.86767578125
-3.0   1.2603759765625
-2.0   1.263427734375
-1.0   1.4251708984375
0.0   0.5645751953125
1.0   1.6510009765625
2.0   0.0335693359375
3.0   1.3397216796875
4.0   1.5869140625
5.0   0.0946044921875
6.0   1.8310546875
7.0   2.0294189453125
8.0   0.6256103515625
9.0   3.790283203125
10.0   4.3670654296875
11.0   5.8441162109375
12.0   10.55908203125
13.0   19.9432373046875
14.0   29.8858642578125
15.0   30.18798828125
16.0   17.9656982421875
17.0   7.28759765625
18.0   5.6549072265625
19.0   4.06494140625
20.0   1.220703125
21.0   2.4383544921875
22.0   1.9012451171875
23.0   0.2044677734375
24.0   0.885009765625
