BTM.BSFHV01
-23.0   0.0
-22.0   0.0732421875
-21.0   0.0
-20.0   0.0
-19.0   0.0
-18.0   0.0
-17.0   0.0
-16.0   0.0091552734375
-15.0   0.0244140625
-14.0   0.0
-13.0   0.1251220703125
-12.0   0.0
-11.0   0.0
-10.0   0.0
-9.0   0.0640869140625
-8.0   0.5157470703125
-7.0   0.994873046875
-6.0   2.398681640625
-5.0   6.8145751953125
-4.0   16.8701171875
-3.0   31.6619873046875
-2.0   41.7999267578125
-1.0   33.0657958984375
0.0   16.632080078125
1.0   6.7596435546875
2.0   3.18603515625
3.0   1.1749267578125
4.0   0.2593994140625
5.0   0.299072265625
6.0   0.0
7.0   0.0
8.0   0.0
9.0   0.1953125
10.0   0.3814697265625
11.0   0.2716064453125
12.0   0.372314453125
13.0   0.274658203125
14.0   0.0244140625
15.0   0.274658203125
16.0   0.048828125
17.0   0.0
18.0   0.506591796875
19.0   0.1617431640625
20.0   0.2593994140625
21.0   0.5615234375
22.0   0.4180908203125
23.0   0.360107421875
24.0   0.006103515625
BTM.BSFHV02
-11.5   0.0
-11.0   0.5523681640625
-10.5   0.1861572265625
-10.0   0.177001953125
-9.5   0.274658203125
-9.0   0.40283203125
-8.5   0.3143310546875
-8.0   0.634765625
-7.5   0.03662109375
-7.0   0.28076171875
-6.5   0.3570556640625
-6.0   0.1312255859375
-5.5   0.06103515625
-5.0   0.5645751953125
-4.5   0.7110595703125
-4.0   0.4486083984375
-3.5   0.537109375
-3.0   0.87890625
-2.5   1.0009765625
-2.0   1.0223388671875
-1.5   1.4617919921875
-1.0   2.5665283203125
-0.5   4.6875
0.0   9.051513671875
0.5   22.9248046875
1.0   47.7447509765625
1.5   77.4169921875
2.0   75.78125
2.5   40.9210205078125
3.0   14.16015625
3.5   7.293701171875
4.0   3.558349609375
4.5   1.7852783203125
5.0   0.421142578125
5.5   0.408935546875
6.0   0.3448486328125
6.5   0.0
7.0   0.0
7.5   0.0
8.0   0.01220703125
8.5   0.0
9.0   0.1495361328125
9.5   0.0
10.0   0.0
10.5   0.0
11.0   0.0
11.5   0.0640869140625
12.0   0.0
BTM.BSFHV03
-23.0   0.0
-22.0   0.103759765625
-21.0   0.0
-20.0   0.323486328125
-19.0   0.0
-18.0   0.128173828125
-17.0   0.2593994140625
-16.0   0.0030517578125
-15.0   0.29296875
-14.0   0.0
-13.0   0.0
-12.0   0.0
-11.0   0.0
-10.0   0.0
-9.0   0.244140625
-8.0   0.54931640625
-7.0   0.0
-6.0   0.103759765625
-5.0   0.0
-4.0   0.5859375
-3.0   0.0
-2.0   0.054931640625
-1.0   0.0
0.0   0.0
1.0   0.0
2.0   0.1708984375
3.0   0.0
4.0   0.0
5.0   0.3204345703125
6.0   0.323486328125
7.0   0.4241943359375
8.0   0.0
9.0   0.32958984375
10.0   0.482177734375
11.0   1.0833740234375
12.0   2.447509765625
13.0   6.8695068359375
14.0   17.9290771484375
15.0   27.6123046875
16.0   19.7967529296875
17.0   7.366943359375
18.0   2.7099609375
19.0   0.76904296875
20.0   0.7171630859375
21.0   0.238037109375
22.0   0.0
23.0   0.115966796875
24.0   0.0
