BTM.BSFHV01
-23.0   0.0
-22.0   0.1708984375
-21.0   0.0
-20.0   0.0
-19.0   0.067138671875
-18.0   0.0
-17.0   0.341796875
-16.0   0.3997802734375
-15.0   0.1373291015625
-14.0   0.0
-13.0   0.7476806640625
-12.0   0.2349853515625
-11.0   0.0
-10.0   0.1678466796875
-9.0   0.909423828125
-8.0   0.1861572265625
-7.0   0.982666015625
-6.0   1.361083984375
-5.0   3.985595703125
-4.0   8.6151123046875
-3.0   17.376708984375
-2.0   33.270263671875
-1.0   38.9739990234375
0.0   29.498291015625
1.0   14.752197265625
2.0   6.9366455078125
3.0   3.02734375
4.0   1.678466796875
5.0   0.5218505859375
6.0   0.946044921875
7.0   0.1129150390625
8.0   0.494384765625
9.0   0.0
10.0   0.5157470703125
11.0   0.0
12.0   0.0
13.0   0.0
14.0   0.0
15.0   0.299072265625
16.0   0.518798828125
17.0   0.067138671875
18.0   0.0640869140625
19.0   0.0
20.0   0.1708984375
21.0   0.274658203125
22.0   0.01220703125
23.0   0.0
24.0   0.2227783203125
BTM.BSFHV02
-11.5   0.201416015625
-11.0   0.0
-10.5   0.0
-10.0   0.0
-9.5   0.0
-9.0   0.0
-8.5   0.0
-8.0   0.152587890625
-7.5   0.0152587890625
-7.0   0.0
-6.5   0.0152587890625
-6.0   0.0
-5.5   0.0
-5.0   0.0
-4.5   0.006103515625
-4.0   0.0
-3.5   0.1678466796875
-3.0   0.0
-2.5   0.0
-2.0   0.2105712890625
-1.5   0.7171630859375
-1.0   0.52490234375
-0.5   1.1077880859375
0.0   1.5289306640625
0.5   3.3447265625
1.0   6.3446044921875
1.5   14.97802734375
2.0   30.914306640625
2.5   69.9249267578125
3.0   76.5411376953125
3.5   52.5634765625
4.0   22.1771240234375
4.5   9.0179443359375
5.0   4.486083984375
5.5   2.2979736328125
6.0   1.556396484375
6.5   0.9185791015625
7.0   0.1617431640625
7.5   0.67138671875
8.0   0.6317138671875
8.5   0.52490234375
9.0   0.0
9.5   0.714111328125
10.0   0.177001953125
10.5   0.0
11.0   0.3875732421875
11.5   0.482177734375
12.0   0.1800537109375
BTM.BSFHV03
-23.0   0.0
-22.0   0.433349609375
-21.0   0.3082275390625
-20.0   0.0
-19.0   0.0
-18.0   0.0
-17.0   0.4150390625
-16.0   0.4486083984375
-15.0   0.1495361328125
-14.0   0.079345703125
-13.0   0.2716064453125
-12.0   0.0
-11.0   0.6622314453125
-10.0   0.0
-9.0   0.0
-8.0   0.897216796875
-7.0   0.408935546875
-6.0   0.0
-5.0   0.0
-4.0   0.2532958984375
-3.0   0.030517578125
-2.0   0.0
-1.0   0.0
0.0   0.0
1.0   0.0
2.0   0.0
3.0   0.0274658203125
4.0   0.0
5.0   0.0640869140625
6.0   0.0
7.0   0.1434326171875
8.0   0.0640869140625
9.0   0.0091552734375
10.0   0.3387451171875
11.0   0.531005859375
12.0   0.506591796875
13.0   1.6632080078125
14.0   3.1707763671875
15.0   9.3505859375
16.0   19.5281982421875
17.0   20.831298828125
18.0   11.712646484375
19.0   4.6478271484375
20.0   1.7913818359375
21.0   0.9521484375
22.0   0.531005859375
23.0   0.0885009765625
24.0   0.653076171875
