BTM.BSFHV01
-23.0   0.0
-22.0   0.5584716796875
-21.0   0.2105712890625
-20.0   0.3662109375
-19.0   0.0
-18.0   0.0
-17.0   0.0244140625
-16.0   0.164794921875
-15.0   0.1678466796875
-14.0   0.6439208984375
-13.0   0.3662109375
-12.0   0.531005859375
-11.0   0.8514404296875
-10.0   1.74560546875
-9.0   4.156494140625
-8.0   8.9019775390625
-7.0   21.1883544921875
-6.0   53.6895751953125
-5.0   48.9898681640625
-4.0   18.76220703125
-3.0   8.0474853515625
-2.0   4.0435791015625
-1.0   1.800537109375
0.0   0.7904052734375
1.0   0.6988525390625
2.0   0.3875732421875
3.0   0.4791259765625
4.0   0.5645751953125
5.0   0.0
6.0   0.1983642578125
7.0   0.262451171875
8.0   0.15869140625
9.0   0.0762939453125
10.0   0.3173828125
11.0   1.007080078125
12.0   0.634765625
13.0   0.40283203125
14.0   0.5523681640625
15.0   0.372314453125
16.0   0.1251220703125
17.0   0.2532958984375
18.0   0.3387451171875
19.0   0.543212890625
20.0   0.2227783203125
21.0   0.323486328125
22.0   0.146484375
23.0   0.244140625
24.0   0.390625
BTM.BSFHV02
-11.5   0.0
-11.0   0.0
-10.5   0.0
-10.0   0.0
-9.5   0.0
-9.0   0.0
-8.5   0.0
-8.0   0.0
-7.5   0.0
-7.0   0.0
-6.5   0.0
-6.0   0.4608154296875
-5.5   0.0
-5.0   0.0
-4.5   0.079345703125
-4.0   0.567626953125
-3.5   0.0701904296875
-3.0   1.2908935546875
-2.5   2.1087646484375
-2.0   4.8431396484375
-1.5   9.16748046875
-1.0   17.3858642578125
-0.5   35.9710693359375
0.0   79.949951171875
0.5   86.97509765625
1.0   45.758056640625
1.5   20.56884765625
2.0   10.7147216796875
2.5   6.182861328125
3.0   2.6885986328125
3.5   1.2176513671875
4.0   1.01318359375
4.5   0.0
5.0   0.079345703125
5.5   0.10986328125
6.0   0.0
6.5   0.0
7.0   0.0579833984375
7.5   0.0
8.0   0.1434326171875
8.5   0.360107421875
9.0   0.0
9.5   0.0
10.0   0.0
10.5   0.0
11.0   0.0
11.5   0.0
12.0   0.0
BTM.BSFHV03
-23.0   0.0
-22.0   0.3173828125
-21.0   0.8636474609375
-20.0   0.0
-19.0   0.1068115234375
-18.0   0.4669189453125
-17.0   0.15869140625
-16.0   0.3326416015625
-15.0   0.372314453125
-14.0   0.0
-13.0   0.457763671875
-12.0   0.115966796875
-11.0   0.048828125
-10.0   0.1312255859375
-9.0   0.2960205078125
-8.0   0.0
-7.0   0.7354736328125
-6.0   0.6195068359375
-5.0   0.0
-4.0   0.4302978515625
-3.0   0.09765625
-2.0   0.5859375
-1.0   0.469970703125
0.0   0.2685546875
1.0   0.4180908203125
2.0   1.019287109375
3.0   3.0242919921875
4.0   4.1473388671875
5.0   6.5887451171875
6.0   13.7786865234375
7.0   24.7955322265625
8.0   24.01123046875
9.0   14.5263671875
10.0   7.2845458984375
11.0   3.0792236328125
12.0   2.4627685546875
13.0   1.5472412109375
14.0   0.762939453125
15.0   0.4974365234375
16.0   0.360107421875
17.0   0.238037109375
18.0   0.1953125
19.0   0.7781982421875
20.0   0.2593994140625
21.0   0.140380859375
22.0   0.3509521484375
23.0   0.030517578125
24.0   0.0396728515625
