BTM.BSFHV01
-23.0   0.0823974609375
-22.0   0.89111328125
-21.0   0.79345703125
-20.0   0.299072265625
-19.0   0.7415771484375
-18.0   0.5828857421875
-17.0   0.396728515625
-16.0   0.7720947265625
-15.0   1.1260986328125
-14.0   1.934814453125
-13.0   3.778076171875
-12.0   7.6568603515625
-11.0   16.162109375
-10.0   35.04638671875
-9.0   48.699951171875
-8.0   42.5048828125
-7.0   23.4222412109375
-6.0   10.33935546875
-5.0   4.656982421875
-4.0   2.47802734375
-3.0   0.9613037109375
-2.0   0.8209228515625
-1.0   0.4608154296875
0.0   0.2288818359375
1.0   0.1434326171875
2.0   0.0
3.0   0.09765625
4.0   0.4150390625
5.0   0.164794921875
6.0   0.2593994140625
7.0   0.0
8.0   0.2288818359375
9.0   0.2532958984375
10.0   0.1312255859375
11.0   0.1373291015625
12.0   0.28076171875
13.0   0.0640869140625
14.0   0.2655029296875
15.0   0.0
16.0   0.1129150390625
17.0   0.3387451171875
18.0   0.2349853515625
19.0   0.1800537109375
20.0   0.494384765625
21.0   0.0
22.0   0.189208984375
23.0   0.0
24.0   0.0
BTM.BSFHV02
-11.5   2.42919921875
-11.0   5.859375
-10.5   17.5537109375
-10.0   39.569091796875
-9.5   95.465087890625
-9.0   90.53955078125
-8.5   52.6580810546875
-8.0   20.050048828125
-7.5   8.9385986328125
-7.0   3.7445068359375
-6.5   1.2176513671875
-6.0   0.3997802734375
-5.5   0.189208984375
-5.0   0.0
-4.5   0.0
-4.0   0.0
-3.5   0.0
-3.0   0.0
-2.5   0.0
-2.0   0.0
-1.5   0.0
-1.0   0.0
-0.5   0.0
0.0   0.0
0.5   0.0
1.0   0.0
1.5   0.0
2.0   0.0
2.5   0.0
3.0   0.0
3.5   0.0
4.0   0.0
4.5   0.0
5.0   0.0396728515625
5.5   0.0
6.0   0.06103515625
6.5   0.0
7.0   0.0
7.5   0.067138671875
8.0   0.0213623046875
8.5   0.0
9.0   0.0
9.5   0.2288818359375
10.0   0.128173828125
10.5   0.0
11.0   0.0
11.5   0.0
12.0   0.0
BTM.BSFHV03
-23.0   0.0
-22.0   0.0
-21.0   0.0
-20.0   0.0244140625
-19.0   0.054931640625
-18.0   0.0
-17.0   0.0
-16.0   0.0
-15.0   0.0
-14.0   0.0
-13.0   0.0
-12.0   0.213623046875
-11.0   0.323486328125
-10.0   0.0
-9.0   0.177001953125
-8.0   0.2716064453125
-7.0   0.3204345703125
-6.0   0.0
-5.0   0.4913330078125
-4.0   1.84326171875
-3.0   4.2724609375
-2.0   10.601806640625
-1.0   32.7728271484375
0.0   49.169921875
1.0   36.956787109375
2.0   15.777587890625
3.0   5.18798828125
4.0   2.11181640625
5.0   0.640869140625
6.0   0.1922607421875
7.0   0.48828125
8.0   0.0
9.0   0.1007080078125
10.0   0.15869140625
11.0   0.1129150390625
12.0   0.23193359375
13.0   0.494384765625
14.0   0.128173828125
15.0   0.921630859375
16.0   0.634765625
17.0   0.1068115234375
18.0   0.079345703125
19.0   0.0
20.0   0.0
21.0   0.03662109375
22.0   0.0
23.0   0.0
24.0   0.0
