BTM.BSFHV01
-23.0   0.677490234375
-22.0   0.506591796875
-21.0   0.4913330078125
-20.0   0.5859375
-19.0   1.1993408203125
-18.0   0.4852294921875
-17.0   1.300048828125
-16.0   0.5767822265625
-15.0   0.189208984375
-14.0   0.665283203125
-13.0   0.5615234375
-12.0   0.2349853515625
-11.0   0.6378173828125
-10.0   0.970458984375
-9.0   0.701904296875
-8.0   1.0772705078125
-7.0   0.7415771484375
-6.0   0.787353515625
-5.0   1.8768310546875
-4.0   2.64892578125
-3.0   5.047607421875
-2.0   10.2569580078125
-1.0   19.7479248046875
0.0   29.119873046875
1.0   26.6876220703125
2.0   16.363525390625
3.0   7.6141357421875
4.0   3.912353515625
5.0   2.130126953125
6.0   1.397705078125
7.0   0.8148193359375
8.0   1.025390625
9.0   0.2044677734375
10.0   0.1556396484375
11.0   0.4150390625
12.0   0.146484375
13.0   0.1434326171875
14.0   0.13427734375
15.0   0.0244140625
16.0   0.3448486328125
17.0   0.0213623046875
18.0   0.1068115234375
19.0   0.146484375
20.0   0.0885009765625
21.0   0.384521484375
22.0   0.439453125
23.0   0.4425048828125
24.0   0.0
BTM.BSFHV02
-11.5   0.1495361328125
-11.0   0.0
-10.5   0.1739501953125
-10.0   0.0
-9.5   0.225830078125
-9.0   0.0
-8.5   0.0
-8.0   0.1800537109375
-7.5   0.0274658203125
-7.0   0.0
-6.5   0.01220703125
-6.0   0.1739501953125
-5.5   0.1983642578125
-5.0   0.1739501953125
-4.5   0.0885009765625
-4.0   0.341796875
-3.5   0.0
-3.0   0.2838134765625
-2.5   0.0
-2.0   0.0518798828125
-1.5   0.0335693359375
-1.0   0.213623046875
-0.5   0.250244140625
0.0   0.0579833984375
0.5   0.0732421875
1.0   0.506591796875
1.5   0.4852294921875
2.0   0.823974609375
2.5   2.252197265625
3.0   4.6539306640625
3.5   9.9578857421875
4.0   19.696044921875
4.5   48.699951171875
5.0   43.6553955078125
5.5   40.753173828125
6.0   18.194580078125
6.5   8.428955078125
7.0   4.52880859375
7.5   2.3834228515625
8.0   1.7120361328125
8.5   1.20849609375
9.0   0.6744384765625
9.5   0.50048828125
10.0   0.128173828125
10.5   1.1383056640625
11.0   0.67138671875
11.5   0.84228515625
12.0   0.701904296875
BTM.BSFHV03
-23.0   0.8270263671875
-22.0   0.1708984375
-21.0   0.0
-20.0   0.0
-19.0   0.0396728515625
-18.0   0.286865234375
-17.0   0.323486328125
-16.0   0.2960205078125
-15.0   0.47607421875
-14.0   0.2227783203125
-13.0   0.4302978515625
-12.0   0.3204345703125
-11.0   0.616455078125
-10.0   0.3265380859375
-9.0   0.3326416015625
-8.0   0.1617431640625
-7.0   0.2410888671875
-6.0   0.0
-5.0   0.13427734375
-4.0   0.0
-3.0   0.1068115234375
-2.0   0.372314453125
-1.0   0.537109375
0.0   0.0
1.0   0.115966796875
2.0   0.01220703125
3.0   0.2960205078125
4.0   0.0
5.0   0.40283203125
6.0   0.0
7.0   0.3875732421875
8.0   0.0
9.0   0.3326416015625
10.0   0.921630859375
11.0   1.0498046875
12.0   0.335693359375
13.0   0.177001953125
14.0   0.0
15.0   1.678466796875
16.0   1.7608642578125
17.0   3.0731201171875
18.0   8.331298828125
19.0   14.4927978515625
20.0   13.51318359375
21.0   6.8328857421875
22.0   2.35595703125
23.0   1.0498046875
24.0   0.5340576171875
