BTM.BSFHV01
-23.0   0.5950927734375
-22.0   0.9002685546875
-21.0   0.4364013671875
-20.0   0.1220703125
-19.0   0.5035400390625
-18.0   0.604248046875
-17.0   0.6439208984375
-16.0   0.5889892578125
-15.0   0.4364013671875
-14.0   0.9735107421875
-13.0   0.3509521484375
-12.0   0.714111328125
-11.0   0.6256103515625
-10.0   0.25634765625
-9.0   0.7232666015625
-8.0   1.251220703125
-7.0   2.191162109375
-6.0   3.9459228515625
-5.0   9.765625
-4.0   22.4029541015625
-3.0   32.916259765625
-2.0   31.11572265625
-1.0   17.6910400390625
0.0   7.5531005859375
1.0   2.7313232421875
2.0   1.77001953125
3.0   0.6561279296875
4.0   0.7598876953125
5.0   0.48828125
6.0   0.4425048828125
7.0   0.48828125
8.0   0.3753662109375
9.0   0.0
10.0   0.0030517578125
11.0   0.0823974609375
12.0   0.0244140625
13.0   0.0
14.0   0.250244140625
15.0   0.2685546875
16.0   0.250244140625
17.0   0.18310546875
18.0   0.030517578125
19.0   0.5157470703125
20.0   0.0
21.0   0.311279296875
22.0   0.0
23.0   0.0
24.0   0.0
BTM.BSFHV02
-11.5   0.250244140625
-11.0   0.0
-10.5   0.0
-10.0   0.0152587890625
-9.5   0.1953125
-9.0   0.25634765625
-8.5   0.048828125
-8.0   0.0
-7.5   0.1129150390625
-7.0   0.1220703125
-6.5   0.3082275390625
-6.0   0.25634765625
-5.5   0.0
-5.0   0.201416015625
-4.5   0.5462646484375
-4.0   0.3875732421875
-3.5   0.5096435546875
-3.0   0.7232666015625
-2.5   1.0650634765625
-2.0   1.7852783203125
-1.5   3.302001953125
-1.0   5.6640625
-0.5   14.6270751953125
0.0   33.5906982421875
0.5   50.0030517578125
1.0   49.7222900390625
1.5   28.631591796875
2.0   10.1959228515625
2.5   4.815673828125
3.0   1.5472412109375
3.5   1.324462890625
4.0   1.1322021484375
4.5   0.799560546875
5.0   0.0
5.5   0.0
6.0   0.042724609375
6.5   0.0
7.0   0.0
7.5   0.0
8.0   0.0
8.5   0.0
9.0   0.146484375
9.5   0.0274658203125
10.0   0.0
10.5   0.0
11.0   0.0
11.5   0.2197265625
12.0   0.0
BTM.BSFHV03
-23.0   0.0
-22.0   0.0
-21.0   0.0
-20.0   0.091552734375
-19.0   0.0
-18.0   0.10986328125
-17.0   0.018310546875
-16.0   0.0
-15.0   0.23193359375
-14.0   0.5615234375
-13.0   0.5035400390625
-12.0   0.152587890625
-11.0   0.6988525390625
-10.0   0.29296875
-9.0   0.3265380859375
-8.0   0.3021240234375
-7.0   0.3387451171875
-6.0   0.0
-5.0   0.0
-4.0   0.0
-3.0   0.0
-2.0   0.115966796875
-1.0   0.091552734375
0.0   0.0
1.0   0.244140625
2.0   0.0
3.0   0.0
4.0   0.0
5.0   0.1312255859375
6.0   0.445556640625
7.0   0.3509521484375
8.0   0.0
9.0   0.35400390625
10.0   0.677490234375
11.0   2.9632568359375
12.0   6.500244140625
13.0   18.359375
14.0   20.6573486328125
15.0   12.4908447265625
16.0   4.0679931640625
17.0   1.18408203125
18.0   0.5859375
19.0   0.5615234375
20.0   0.0
21.0   0.0
22.0   0.0
23.0   0.0
24.0   0.2899169921875
