BTM.BSFHV01
-23.0   0.0
-22.0   0.0
-21.0   0.0
-20.0   0.4974365234375
-19.0   0.0
-18.0   0.0
-17.0   0.3631591796875
-16.0   0.0
-15.0   1.0009765625
-14.0   3.0120849609375
-13.0   6.475830078125
-12.0   14.3218994140625
-11.0   39.07470703125
-10.0   63.09814453125
-9.0   40.8538818359375
-8.0   16.0247802734375
-7.0   7.037353515625
-6.0   3.0853271484375
-5.0   1.226806640625
-4.0   0.52490234375
-3.0   0.0
-2.0   0.0
-1.0   0.0
0.0   0.0
1.0   0.06103515625
2.0   0.4180908203125
3.0   0.0
4.0   0.1556396484375
5.0   0.3021240234375
6.0   0.0
7.0   0.0
8.0   0.0
9.0   0.09765625
10.0   0.0
11.0   0.9674072265625
12.0   0.0
13.0   0.0
14.0   0.0
15.0   0.3082275390625
16.0   0.10986328125
17.0   0.3265380859375
18.0   0.0
19.0   0.0
20.0   0.13427734375
21.0   0.0
22.0   0.0
23.0   0.2410888671875
24.0   0.0
BTM.BSFHV02
-11.5   0.0
-11.0   0.0
-10.5   0.10986328125
-10.0   0.0
-9.5   0.732421875
-9.0   0.762939453125
-8.5   2.880859375
-8.0   6.622314453125
-7.5   12.841796875
-7.0   25.0152587890625
-6.5   53.839111328125
-6.0   99.9969482421875
-5.5   69.3756103515625
-5.0   49.444580078125
-4.5   22.54638671875
-4.0   12.4603271484375
-3.5   5.950927734375
-3.0   2.45361328125
-2.5   1.1749267578125
-2.0   0.5218505859375
-1.5   0.1556396484375
-1.0   0.2166748046875
-0.5   0.0
0.0   0.1251220703125
0.5   0.0579833984375
1.0   0.0
1.5   0.335693359375
2.0   0.0
2.5   0.0
3.0   0.0
3.5   0.4058837890625
4.0   0.0
4.5   0.0
5.0   0.0
5.5   0.0
6.0   0.0244140625
6.5   0.1556396484375
7.0   0.0
7.5   0.0
8.0   0.0
8.5   0.0
9.0   0.0885009765625
9.5   0.0
10.0   0.0
10.5   0.0
11.0   0.0885009765625
11.5   0.0
12.0   0.0
BTM.BSFHV03
-23.0   0.0
-22.0   0.50048828125
-21.0   0.006103515625
-20.0   0.0
-19.0   0.0
-18.0   0.1617431640625
-17.0   0.0
-16.0   0.244140625
-15.0   0.689697265625
-14.0   0.0
-13.0   0.3265380859375
-12.0   0.225830078125
-11.0   0.0
-10.0   0.3753662109375
-9.0   0.2777099609375
-8.0   0.3753662109375
-7.0   0.2288818359375
-6.0   1.202392578125
-5.0   2.2705078125
-4.0   4.4769287109375
-3.0   6.9580078125
-2.0   14.2181396484375
-1.0   26.068115234375
0.0   29.04052734375
1.0   19.2108154296875
2.0   9.490966796875
3.0   6.243896484375
4.0   3.546142578125
5.0   1.89208984375
6.0   1.3092041015625
7.0   0.6500244140625
8.0   0.3509521484375
9.0   0.2532958984375
10.0   0.067138671875
11.0   0.1800537109375
12.0   0.469970703125
13.0   0.384521484375
14.0   0.0
15.0   0.0
16.0   0.067138671875
17.0   0.0
18.0   0.8544921875
19.0   0.52490234375
20.0   0.128173828125
21.0   0.408935546875
22.0   0.0
23.0   0.0
24.0   0.0
