BTM.BSFHV01
-23.0   0.0
-22.0   0.0
-21.0   0.0
-20.0   0.0
-19.0   0.0
-18.0   0.0
-17.0   0.0
-16.0   0.0
-15.0   0.048828125
-14.0   0.0
-13.0   0.0
-12.0   0.0
-11.0   0.0
-10.0   0.0
-9.0   0.0
-8.0   0.0
-7.0   0.1434326171875
-6.0   0.518798828125
-5.0   1.2176513671875
-4.0   3.0181884765625
-3.0   6.0699462890625
-2.0   15.1153564453125
-1.0   26.23291015625
0.0   30.1300048828125
1.0   20.83740234375
2.0   10.906982421875
3.0   4.327392578125
4.0   2.2247314453125
5.0   1.470947265625
6.0   0.4364013671875
7.0   0.0
8.0   0.469970703125
9.0   0.1983642578125
10.0   0.8636474609375
11.0   0.25634765625
12.0   0.3082275390625
13.0   0.3448486328125
14.0   0.1953125
15.0   0.2166748046875
16.0   0.5950927734375
17.0   0.2532958984375
18.0   0.25634765625
19.0   0.2685546875
20.0   0.72021484375
21.0   0.189208984375
22.0   0.2716064453125
23.0   0.592041015625
24.0   0.5462646484375
BTM.BSFHV02
-11.5   0.0
-11.0   0.0
-10.5   0.0
-10.0   0.0
-9.5   0.006103515625
-9.0   0.0
-8.5   0.0
-8.0   0.0
-7.5   0.0
-7.0   0.0
-6.5   0.0
-6.0   0.0
-5.5   0.0
-5.0   0.0
-4.5   0.0
-4.0   0.0
-3.5   0.0
-3.0   0.0
-2.5   0.0
-2.0   0.0
-1.5   0.0
-1.0   0.457763671875
-0.5   0.201416015625
0.0   0.3631591796875
0.5   1.483154296875
1.0   2.9693603515625
1.5   5.9600830078125
2.0   11.676025390625
2.5   31.5887451171875
3.0   57.6751708984375
3.5   63.8580322265625
4.0   36.2457275390625
4.5   14.959716796875
5.0   6.7169189453125
5.5   3.2562255859375
6.0   1.37939453125
6.5   0.347900390625
7.0   0.5279541015625
7.5   0.0
8.0   0.1434326171875
8.5   0.01220703125
9.0   0.067138671875
9.5   0.0
10.0   0.0
10.5   0.0
11.0   0.0
11.5   0.0
12.0   0.0
BTM.BSFHV03
-23.0   0.0
-22.0   0.0
-21.0   0.45166015625
-20.0   0.0274658203125
-19.0   0.0
-18.0   0.0
-17.0   0.0
-16.0   0.0
-15.0   0.0
-14.0   0.146484375
-13.0   0.0
-12.0   0.0
-11.0   0.0
-10.0   0.177001953125
-9.0   0.091552734375
-8.0   0.0
-7.0   0.2349853515625
-6.0   0.0
-5.0   0.0
-4.0   0.0
-3.0   0.0
-2.0   0.08544921875
-1.0   0.189208984375
0.0   0.0
1.0   0.0
2.0   0.0
3.0   0.0
4.0   0.018310546875
5.0   0.0
6.0   0.0
7.0   0.189208984375
8.0   0.0
9.0   0.0
10.0   0.5218505859375
11.0   0.0
12.0   0.6103515625
13.0   1.0955810546875
14.0   2.7801513671875
15.0   7.65380859375
16.0   16.0919189453125
17.0   16.619873046875
18.0   8.7860107421875
19.0   3.704833984375
20.0   1.3763427734375
21.0   0.8087158203125
22.0   0.0
23.0   0.30517578125
24.0   0.0
