BTM.BSFHV01
-23.0   0.311279296875
-22.0   0.7659912109375
-21.0   0.1739501953125
-20.0   0.54931640625
-19.0   0.28076171875
-18.0   0.40283203125
-17.0   0.29296875
-16.0   0.311279296875
-15.0   0.8392333984375
-14.0   0.537109375
-13.0   0.262451171875
-12.0   0.6561279296875
-11.0   0.3631591796875
-10.0   0.5859375
-9.0   0.4852294921875
-8.0   0.872802734375
-7.0   1.9439697265625
-6.0   3.94287109375
-5.0   8.55712890625
-4.0   21.8414306640625
-3.0   44.7021484375
-2.0   36.016845703125
-1.0   14.654541015625
0.0   5.8807373046875
1.0   3.1646728515625
2.0   1.8646240234375
3.0   0.6317138671875
4.0   0.4058837890625
5.0   0.1007080078125
6.0   1.019287109375
7.0   0.1373291015625
8.0   0.20751953125
9.0   0.5401611328125
10.0   0.2685546875
11.0   0.4364013671875
12.0   0.201416015625
13.0   0.2349853515625
14.0   0.03662109375
15.0   0.40283203125
16.0   0.311279296875
17.0   0.311279296875
18.0   0.6591796875
19.0   0.6744384765625
20.0   0.274658203125
21.0   0.4241943359375
22.0   0.543212890625
23.0   0.3387451171875
24.0   0.2166748046875
BTM.BSFHV02
-11.5   0.048828125
-11.0   0.3326416015625
-10.5   0.4241943359375
-10.0   0.0
-9.5   0.323486328125
-9.0   0.2777099609375
-8.5   0.0
-8.0   0.25634765625
-7.5   0.244140625
-7.0   0.0
-6.5   0.018310546875
-6.0   0.4913330078125
-5.5   0.0
-5.0   0.0518798828125
-4.5   0.08544921875
-4.0   0.1007080078125
-3.5   0.0091552734375
-3.0   0.0
-2.5   0.0
-2.0   0.4974365234375
-1.5   0.3265380859375
-1.0   0.1556396484375
-0.5   0.5584716796875
0.0   0.23193359375
0.5   1.251220703125
1.0   0.6256103515625
1.5   1.9073486328125
2.0   3.857421875
2.5   6.9580078125
3.0   13.3148193359375
3.5   26.959228515625
4.0   58.0108642578125
4.5   68.59130859375
5.0   38.7847900390625
5.5   17.1478271484375
6.0   10.09521484375
6.5   5.511474609375
7.0   2.520751953125
7.5   1.4434814453125
8.0   0.86669921875
8.5   0.0
9.0   0.7965087890625
9.5   0.750732421875
10.0   0.0
10.5   0.3082275390625
11.0   0.042724609375
11.5   0.0
12.0   0.0
BTM.BSFHV03
-23.0   0.0
-22.0   1.214599609375
-21.0   0.689697265625
-20.0   0.3875732421875
-19.0   0.6561279296875
-18.0   1.15966796875
-17.0   0.5523681640625
-16.0   0.970458984375
-15.0   0.72021484375
-14.0   0.7293701171875
-13.0   0.28076171875
-12.0   0.848388671875
-11.0   0.1556396484375
-10.0   0.7904052734375
-9.0   1.0040283203125
-8.0   0.0
-7.0   0.2960205078125
-6.0   0.4425048828125
-5.0   0.2685546875
-4.0   0.6439208984375
-3.0   0.81787109375
-2.0   1.1138916015625
-1.0   0.6744384765625
0.0   0.140380859375
1.0   0.982666015625
2.0   0.03662109375
3.0   1.1444091796875
4.0   0.927734375
5.0   0.40283203125
6.0   1.8035888671875
7.0   1.5777587890625
8.0   2.2216796875
9.0   3.77197265625
10.0   5.7037353515625
11.0   9.8480224609375
12.0   18.12744140625
13.0   19.9432373046875
14.0   10.92529296875
15.0   6.21337890625
16.0   3.82080078125
17.0   1.800537109375
18.0   2.7374267578125
19.0   1.422119140625
20.0   0.634765625
21.0   0.8636474609375
22.0   1.0101318359375
23.0   0.4486083984375
24.0   0.7049560546875
