BTM.BSFHV01
-23.0   0.28076171875
-22.0   0.213623046875
-21.0   0.067138671875
-20.0   0.7904052734375
-19.0   0.0
-18.0   0.3753662109375
-17.0   2.374267578125
-16.0   5.0933837890625
-15.0   11.5814208984375
-14.0   26.3427734375
-13.0   67.1234130859375
-12.0   74.090576171875
-11.0   33.056640625
-10.0   12.591552734375
-9.0   6.4361572265625
-8.0   2.86865234375
-7.0   1.1993408203125
-6.0   0.628662109375
-5.0   0.5462646484375
-4.0   0.3753662109375
-3.0   0.89111328125
-2.0   0.4791259765625
-1.0   0.0
0.0   0.0
1.0   0.299072265625
2.0   0.9368896484375
3.0   0.286865234375
4.0   0.3692626953125
5.0   0.0
6.0   0.1678466796875
7.0   0.2166748046875
8.0   0.7537841796875
9.0   0.2288818359375
10.0   0.006103515625
11.0   1.3946533203125
12.0   0.2349853515625
13.0   0.6805419921875
14.0   0.885009765625
15.0   0.0
16.0   0.6744384765625
17.0   0.7080078125
18.0   0.482177734375
19.0   0.3143310546875
20.0   0.29296875
21.0   0.2471923828125
22.0   0.2044677734375
23.0   0.4791259765625
24.0   0.4364013671875
BTM.BSFHV02
-11.5   6.1004638671875
-11.0   11.85302734375
-10.5   22.2564697265625
-10.0   52.0355224609375
-9.5   99.9969482421875
-9.0   99.9969482421875
-8.5   70.184326171875
-8.0   30.6732177734375
-7.5   16.265869140625
-7.0   9.0789794921875
-6.5   4.217529296875
-6.0   2.0599365234375
-5.5   1.3519287109375
-5.0   0.0
-4.5   0.3265380859375
-4.0   0.3662109375
-3.5   0.0
-3.0   0.0
-2.5   0.0
-2.0   0.0
-1.5   0.0
-1.0   0.0
-0.5   0.0
0.0   0.0946044921875
0.5   0.0
1.0   0.18310546875
1.5   0.0
2.0   0.0
2.5   0.152587890625
3.0   0.0
3.5   0.0
4.0   0.0
4.5   0.0
5.0   0.0
5.5   0.18310546875
6.0   0.0
6.5   0.0
7.0   0.531005859375
7.5   0.0
8.0   0.067138671875
8.5   0.1953125
9.0   0.0
9.5   0.0
10.0   0.0
10.5   0.0
11.0   0.0
11.5   0.0
12.0   1.8157958984375
BTM.BSFHV03
-23.0   0.3448486328125
-22.0   0.775146484375
-21.0   0.4302978515625
-20.0   0.25634765625
-19.0   0.6561279296875
-18.0   0.640869140625
-17.0   0.0885009765625
-16.0   0.8697509765625
-15.0   0.6195068359375
-14.0   0.140380859375
-13.0   1.15966796875
-12.0   1.1444091796875
-11.0   1.23291015625
-10.0   2.362060546875
-9.0   3.3538818359375
-8.0   4.833984375
-7.0   10.7147216796875
-6.0   19.7784423828125
-5.0   34.625244140625
-4.0   30.487060546875
-3.0   18.2373046875
-2.0   9.3109130859375
-1.0   5.5328369140625
0.0   3.5308837890625
1.0   2.2003173828125
2.0   1.3275146484375
3.0   1.2054443359375
4.0   1.3702392578125
5.0   0.7110595703125
6.0   1.0345458984375
7.0   0.4180908203125
8.0   0.1068115234375
9.0   1.220703125
10.0   0.96435546875
11.0   0.7049560546875
12.0   1.068115234375
13.0   0.4302978515625
14.0   0.7080078125
15.0   0.7476806640625
16.0   0.6103515625
17.0   0.103759765625
18.0   0.885009765625
19.0   0.885009765625
20.0   0.35400390625
21.0   0.7110595703125
22.0   1.2451171875
23.0   0.537109375
24.0   1.46484375
