BTM.BSFHV01
-23.0   0.0
-22.0   0.13427734375
-21.0   0.0
-20.0   0.0
-19.0   0.18310546875
-18.0   0.0
-17.0   0.0
-16.0   0.048828125
-15.0   0.0579833984375
-14.0   0.0
-13.0   0.0
-12.0   0.4547119140625
-11.0   1.141357421875
-10.0   3.3233642578125
-9.0   7.5775146484375
-8.0   17.9962158203125
-7.0   32.6416015625
-6.0   40.71044921875
-5.0   31.4544677734375
-4.0   17.4560546875
-3.0   7.666015625
-2.0   3.1463623046875
-1.0   1.2603759765625
0.0   0.811767578125
1.0   0.0
2.0   0.0
3.0   0.1708984375
4.0   0.0
5.0   0.0
6.0   0.0
7.0   0.0
8.0   0.28076171875
9.0   0.469970703125
10.0   0.2716064453125
11.0   0.103759765625
12.0   0.1007080078125
13.0   0.0
14.0   0.0
15.0   0.0
16.0   0.128173828125
17.0   0.3753662109375
18.0   0.1678466796875
19.0   0.2044677734375
20.0   0.35400390625
21.0   0.47607421875
22.0   0.18310546875
23.0   0.0
24.0   0.0
BTM.BSFHV02
-11.5   0.0
-11.0   0.0274658203125
-10.5   0.0
-10.0   0.08544921875
-9.5   0.2777099609375
-9.0   0.384521484375
-8.5   0.5615234375
-8.0   1.910400390625
-7.5   4.04052734375
-7.0   7.3211669921875
-6.5   19.37255859375
-6.0   37.0819091796875
-5.5   78.6346435546875
-5.0   80.206298828125
-4.5   47.8485107421875
-4.0   19.3878173828125
-3.5   8.9813232421875
-3.0   3.924560546875
-2.5   1.837158203125
-2.0   1.080322265625
-1.5   0.787353515625
-1.0   0.054931640625
-0.5   0.0
0.0   0.06103515625
0.5   0.0
1.0   0.0
1.5   0.1617431640625
2.0   0.0640869140625
2.5   0.0
3.0   0.0
3.5   0.0
4.0   0.0091552734375
4.5   0.0
5.0   0.1251220703125
5.5   0.32958984375
6.0   0.341796875
6.5   0.518798828125
7.0   0.4669189453125
7.5   0.3326416015625
8.0   0.3692626953125
8.5   0.2899169921875
9.0   0.35400390625
9.5   0.42724609375
10.0   0.396728515625
10.5   0.1007080078125
11.0   0.2655029296875
11.5   0.677490234375
12.0   0.28076171875
BTM.BSFHV03
-23.0   0.0
-22.0   0.45166015625
-21.0   0.0
-20.0   0.1190185546875
-19.0   0.5706787109375
-18.0   0.0
-17.0   0.0244140625
-16.0   0.3692626953125
-15.0   0.250244140625
-14.0   0.213623046875
-13.0   0.0
-12.0   0.2227783203125
-11.0   0.7659912109375
-10.0   0.0
-9.0   0.201416015625
-8.0   0.2777099609375
-7.0   0.30517578125
-6.0   0.3082275390625
-5.0   0.445556640625
-4.0   0.0
-3.0   0.531005859375
-2.0   0.0
-1.0   0.0
0.0   0.2349853515625
1.0   2.337646484375
2.0   2.77099609375
3.0   7.5042724609375
4.0   21.8658447265625
5.0   36.8133544921875
6.0   31.1614990234375
7.0   15.765380859375
8.0   5.4962158203125
9.0   1.8707275390625
10.0   0.9307861328125
11.0   0.6622314453125
12.0   0.0
13.0   0.54931640625
14.0   0.0
15.0   0.4241943359375
16.0   0.1068115234375
17.0   0.0
18.0   0.0
19.0   0.1617431640625
20.0   0.0
21.0   0.0
22.0   0.0
23.0   0.0
24.0   0.0
