BTM.BSFHV01
-23.0   0.0
-22.0   0.555419921875
-21.0   0.0
-20.0   0.494384765625
-19.0   0.0
-18.0   0.0
-17.0   0.3936767578125
-16.0   2.2003173828125
-15.0   4.815673828125
-14.0   9.53369140625
-13.0   24.7589111328125
-12.0   56.9427490234375
-11.0   59.6527099609375
-10.0   26.788330078125
-9.0   10.7574462890625
-8.0   5.047607421875
-7.0   2.410888671875
-6.0   1.080322265625
-5.0   0.1953125
-4.0   0.7781982421875
-3.0   0.311279296875
-2.0   0.201416015625
-1.0   0.0823974609375
0.0   0.0
1.0   0.0
2.0   0.1708984375
3.0   0.0
4.0   0.57373046875
5.0   0.0
6.0   0.2166748046875
7.0   0.0
8.0   0.0
9.0   0.0
10.0   0.0
11.0   0.2593994140625
12.0   0.0823974609375
13.0   0.0
14.0   0.1190185546875
15.0   0.048828125
16.0   0.4913330078125
17.0   0.03662109375
18.0   0.3753662109375
19.0   0.2197265625
20.0   0.20751953125
21.0   0.0
22.0   0.408935546875
23.0   0.01220703125
24.0   0.421142578125
BTM.BSFHV02
-11.5   0.2044677734375
-11.0   1.6265869140625
-10.5   3.7567138671875
-10.0   7.196044921875
-9.5   14.5782470703125
-9.0   25.5096435546875
-8.5   59.326171875
-8.0   99.9969482421875
-7.5   94.4183349609375
-7.0   45.03173828125
-6.5   22.0001220703125
-6.0   12.2894287109375
-5.5   6.0791015625
-5.0   3.0303955078125
-4.5   1.4373779296875
-4.0   0.7904052734375
-3.5   0.0762939453125
-3.0   0.482177734375
-2.5   0.0
-2.0   0.0
-1.5   0.0
-1.0   0.299072265625
-0.5   0.0
0.0   0.0
0.5   0.0
1.0   0.0
1.5   0.20751953125
2.0   0.2105712890625
2.5   0.0
3.0   0.103759765625
3.5   0.3814697265625
4.0   0.0
4.5   0.0
5.0   0.5340576171875
5.5   0.0
6.0   0.0
6.5   0.1068115234375
7.0   0.0
7.5   0.06103515625
8.0   0.0
8.5   0.0
9.0   0.0
9.5   0.0
10.0   0.0
10.5   0.3662109375
11.0   0.445556640625
11.5   0.0
12.0   0.0
BTM.BSFHV03
-23.0   0.0
-22.0   0.0
-21.0   0.0
-20.0   0.0
-19.0   0.0
-18.0   0.0
-17.0   0.0
-16.0   0.006103515625
-15.0   0.0
-14.0   0.0
-13.0   0.0
-12.0   0.0
-11.0   0.0
-10.0   0.0
-9.0   0.445556640625
-8.0   1.605224609375
-7.0   2.2552490234375
-6.0   4.522705078125
-5.0   10.5499267578125
-4.0   19.9493408203125
-3.0   29.0557861328125
-2.0   22.98583984375
-1.0   12.3565673828125
0.0   6.2103271484375
1.0   3.4759521484375
2.0   2.20947265625
3.0   0.946044921875
4.0   0.2960205078125
5.0   0.5401611328125
6.0   0.0
7.0   0.128173828125
8.0   0.0
9.0   0.0
10.0   0.0
11.0   0.0
12.0   0.0
13.0   0.0
14.0   0.0
15.0   0.0
16.0   0.0
17.0   0.0
18.0   0.0
19.0   0.0
20.0   0.0
21.0   0.0
22.0   0.0
23.0   0.1556396484375
24.0   0.0
