BTM.BSFHV01
-23.0   0.0
-22.0   0.0
-21.0   0.0
-20.0   0.0
-19.0   0.0701904296875
-18.0   0.0
-17.0   0.0
-16.0   0.0
-15.0   0.689697265625
-14.0   1.6937255859375
-13.0   3.3447265625
-12.0   8.526611328125
-11.0   17.8497314453125
-10.0   33.5479736328125
-9.0   38.5772705078125
-8.0   28.009033203125
-7.0   13.9984130859375
-6.0   5.9478759765625
-5.0   2.6885986328125
-4.0   0.7843017578125
-3.0   0.390625
-2.0   0.0
-1.0   0.0
0.0   0.0
1.0   0.0
2.0   0.0
3.0   0.0
4.0   0.0
5.0   0.0
6.0   0.213623046875
7.0   0.0
8.0   0.0
9.0   0.0
10.0   0.0
11.0   0.0
12.0   0.0
13.0   0.0
14.0   0.0
15.0   0.0
16.0   0.0
17.0   0.042724609375
18.0   0.0
19.0   0.286865234375
20.0   0.0
21.0   0.2593994140625
22.0   0.0
23.0   0.0
24.0   0.1068115234375
BTM.BSFHV02
-11.5   7.1197509765625
-11.0   16.7724609375
-10.5   45.6817626953125
-10.0   52.923583984375
-9.5   54.7637939453125
-9.0   39.813232421875
-8.5   17.1417236328125
-8.0   7.684326171875
-7.5   4.345703125
-7.0   2.7069091796875
-6.5   1.4434814453125
-6.0   1.4617919921875
-5.5   0.4669189453125
-5.0   0.50048828125
-4.5   0.74462890625
-4.0   0.921630859375
-3.5   0.7598876953125
-3.0   0.8544921875
-2.5   0.518798828125
-2.0   0.2899169921875
-1.5   0.5096435546875
-1.0   0.7781982421875
-0.5   0.4974365234375
0.0   0.6195068359375
0.5   0.0518798828125
1.0   0.4913330078125
1.5   0.311279296875
2.0   0.872802734375
2.5   0.1953125
3.0   0.7049560546875
3.5   0.35400390625
4.0   0.4486083984375
4.5   0.2349853515625
5.0   0.0
5.5   0.0
6.0   0.0
6.5   0.0
7.0   0.0
7.5   0.0
8.0   0.0
8.5   0.0
9.0   0.0
9.5   0.0
10.0   0.0
10.5   0.0
11.0   0.0
11.5   0.2960205078125
12.0   0.0
BTM.BSFHV03
-23.0   0.0
-22.0   0.0
-21.0   0.30517578125
-20.0   0.3662109375
-19.0   0.0
-18.0   0.0
-17.0   0.08544921875
-16.0   0.0
-15.0   0.0
-14.0   0.054931640625
-13.0   0.32958984375
-12.0   0.29296875
-11.0   0.0
-10.0   0.0
-9.0   0.03662109375
-8.0   0.1861572265625
-7.0   0.537109375
-6.0   0.3936767578125
-5.0   1.5167236328125
-4.0   3.0029296875
-3.0   7.958984375
-2.0   22.6409912109375
-1.0   41.9647216796875
0.0   37.4237060546875
1.0   15.875244140625
2.0   6.6650390625
3.0   2.72216796875
4.0   1.0040283203125
5.0   0.4669189453125
6.0   0.396728515625
7.0   0.5615234375
8.0   0.0
9.0   0.0
10.0   0.018310546875
11.0   0.006103515625
12.0   0.2349853515625
13.0   0.0
14.0   0.152587890625
15.0   0.3173828125
16.0   0.0
17.0   0.0
18.0   0.537109375
19.0   0.2593994140625
20.0   0.0
21.0   0.225830078125
22.0   0.0
23.0   0.4302978515625
24.0   0.0
