BTM.BSFHV01
-23.0   0.140380859375
-22.0   0.5523681640625
-21.0   0.531005859375
-20.0   0.4364013671875
-19.0   0.3753662109375
-18.0   0.2685546875
-17.0   0.3936767578125
-16.0   0.67138671875
-15.0   0.1953125
-14.0   0.5615234375
-13.0   1.7181396484375
-12.0   3.3935546875
-11.0   5.9967041015625
-10.0   13.5711669921875
-9.0   28.375244140625
-8.0   40.83251953125
-7.0   35.94970703125
-6.0   21.6339111328125
-5.0   10.4034423828125
-4.0   5.1544189453125
-3.0   2.8656005859375
-2.0   1.5716552734375
-1.0   0.677490234375
0.0   0.30517578125
1.0   0.384521484375
2.0   0.567626953125
3.0   0.030517578125
4.0   0.2716064453125
5.0   0.4669189453125
6.0   0.4669189453125
7.0   0.0
8.0   0.29296875
9.0   0.0
10.0   0.067138671875
11.0   0.0732421875
12.0   0.0
13.0   0.1068115234375
14.0   0.03662109375
15.0   0.2685546875
16.0   0.0
17.0   0.2777099609375
18.0   0.0
19.0   0.0
20.0   0.0
21.0   0.3204345703125
22.0   0.146484375
23.0   0.0
24.0   0.0885009765625
BTM.BSFHV02
-11.5   0.146484375
-11.0   0.0
-10.5   0.0
-10.0   0.3204345703125
-9.5   2.3773193359375
-9.0   3.96728515625
-8.5   10.36376953125
-8.0   21.00830078125
-7.5   52.783203125
-7.0   78.265380859375
-6.5   77.215576171875
-6.0   38.641357421875
-5.5   15.972900390625
-5.0   6.903076171875
-4.5   3.070068359375
-4.0   1.2298583984375
-3.5   0.5859375
-3.0   0.0579833984375
-2.5   0.0
-2.0   0.0
-1.5   0.0
-1.0   0.0
-0.5   0.0
0.0   0.0640869140625
0.5   0.0
1.0   0.0
1.5   0.0
2.0   0.1739501953125
2.5   0.0
3.0   0.0
3.5   0.0
4.0   0.3082275390625
4.5   0.0
5.0   0.0
5.5   0.0
6.0   0.1007080078125
6.5   0.0
7.0   0.0
7.5   0.0
8.0   0.0152587890625
8.5   0.0
9.0   0.0
9.5   0.0
10.0   0.0
10.5   0.0
11.0   0.048828125
11.5   0.0
12.0   0.23193359375
BTM.BSFHV03
-23.0   0.2716064453125
-22.0   0.518798828125
-21.0   0.28076171875
-20.0   0.29296875
-19.0   0.6195068359375
-18.0   0.3448486328125
-17.0   0.2593994140625
-16.0   0.518798828125
-15.0   0.8697509765625
-14.0   0.9246826171875
-13.0   0.2288818359375
-12.0   0.47607421875
-11.0   0.3875732421875
-10.0   0.4058837890625
-9.0   0.439453125
-8.0   1.25732421875
-7.0   0.762939453125
-6.0   0.604248046875
-5.0   1.031494140625
-4.0   0.8514404296875
-3.0   0.9796142578125
-2.0   0.9063720703125
-1.0   1.7425537109375
0.0   2.374267578125
1.0   5.7525634765625
2.0   13.6566162109375
3.0   32.0831298828125
4.0   36.9781494140625
5.0   22.6318359375
6.0   7.5897216796875
7.0   3.631591796875
8.0   1.8218994140625
9.0   1.6387939453125
10.0   0.79345703125
11.0   0.9033203125
12.0   0.1129150390625
13.0   1.11083984375
14.0   0.9368896484375
15.0   0.5340576171875
16.0   0.006103515625
17.0   0.311279296875
18.0   0.2044677734375
19.0   0.860595703125
20.0   0.3173828125
21.0   0.2960205078125
22.0   0.29296875
23.0   0.0
24.0   0.0518798828125
