BTM.BSFHV01
-23.0   0.653076171875
-22.0   0.76904296875
-21.0   0.6011962890625
-20.0   0.726318359375
-19.0   0.787353515625
-18.0   0.7110595703125
-17.0   0.84228515625
-16.0   1.0101318359375
-15.0   0.6500244140625
-14.0   0.836181640625
-13.0   1.0650634765625
-12.0   0.3509521484375
-11.0   0.5645751953125
-10.0   0.4913330078125
-9.0   1.4068603515625
-8.0   0.9674072265625
-7.0   0.4486083984375
-6.0   0.738525390625
-5.0   1.42822265625
-4.0   1.69677734375
-3.0   3.3721923828125
-2.0   6.54296875
-1.0   14.5233154296875
0.0   30.2215576171875
1.0   40.2618408203125
2.0   34.8419189453125
3.0   18.304443359375
4.0   8.3740234375
5.0   4.1778564453125
6.0   1.8951416015625
7.0   1.3641357421875
8.0   1.1962890625
9.0   0.860595703125
10.0   0.927734375
11.0   0.5035400390625
12.0   0.1922607421875
13.0   0.7110595703125
14.0   0.0
15.0   0.0640869140625
16.0   0.4119873046875
17.0   0.408935546875
18.0   0.2777099609375
19.0   0.4119873046875
20.0   0.3997802734375
21.0   0.0
22.0   0.0
23.0   0.439453125
24.0   0.0762939453125
BTM.BSFHV02
-11.5   0.0
-11.0   0.3662109375
-10.5   0.0
-10.0   0.5615234375
-9.5   0.2288818359375
-9.0   0.0
-8.5   0.0
-8.0   0.48828125
-7.5   0.4486083984375
-7.0   0.0
-6.5   0.0
-6.0   0.067138671875
-5.5   0.0946044921875
-5.0   0.0
-4.5   0.0
-4.0   0.482177734375
-3.5   0.0518798828125
-3.0   0.03662109375
-2.5   0.0
-2.0   0.2197265625
-1.5   0.50048828125
-1.0   0.244140625
-0.5   0.40283203125
0.0   0.0396728515625
0.5   0.2532958984375
1.0   0.6744384765625
1.5   0.738525390625
2.0   0.5706787109375
2.5   0.6683349609375
3.0   0.9918212890625
3.5   2.1820068359375
4.0   3.2135009765625
4.5   8.673095703125
5.0   16.973876953125
5.5   49.9603271484375
6.0   76.226806640625
6.5   78.3905029296875
7.0   39.19677734375
7.5   15.289306640625
8.0   6.4208984375
8.5   3.0487060546875
9.0   1.4862060546875
9.5   0.372314453125
10.0   0.0
10.5   0.0
11.0   0.0
11.5   0.0
12.0   0.0
BTM.BSFHV03
-23.0   0.408935546875
-22.0   0.0
-21.0   0.0
-20.0   0.0701904296875
-19.0   0.23193359375
-18.0   0.0
-17.0   0.0
-16.0   0.0
-15.0   0.0
-14.0   0.0
-13.0   0.08544921875
-12.0   0.0
-11.0   0.01220703125
-10.0   0.0
-9.0   0.128173828125
-8.0   0.0
-7.0   0.06103515625
-6.0   0.0
-5.0   0.0
-4.0   0.2593994140625
-3.0   0.0
-2.0   0.0
-1.0   0.2593994140625
0.0   0.067138671875
1.0   0.0
2.0   0.0
3.0   0.0
4.0   0.0152587890625
5.0   0.3875732421875
6.0   0.0
7.0   0.0
8.0   0.2685546875
9.0   0.0
10.0   0.40283203125
11.0   0.79345703125
12.0   0.2899169921875
13.0   0.7049560546875
14.0   0.616455078125
15.0   0.8056640625
16.0   0.384521484375
17.0   1.4312744140625
18.0   2.8076171875
19.0   6.1737060546875
20.0   15.863037109375
21.0   23.49853515625
22.0   16.119384765625
23.0   5.5511474609375
24.0   2.313232421875
