BTM.BSFHV01
-23.0   0.0
-22.0   0.1312255859375
-21.0   0.1129150390625
-20.0   0.5340576171875
-19.0   0.0
-18.0   0.0
-17.0   0.4669189453125
-16.0   0.0
-15.0   0.0
-14.0   0.518798828125
-13.0   0.3082275390625
-12.0   0.152587890625
-11.0   0.20751953125
-10.0   0.1434326171875
-9.0   0.0
-8.0   0.4547119140625
-7.0   0.3753662109375
-6.0   1.0528564453125
-5.0   1.84326171875
-4.0   4.39453125
-3.0   9.5703125
-2.0   22.1954345703125
-1.0   54.6630859375
0.0   73.388671875
1.0   38.4613037109375
2.0   15.0543212890625
3.0   6.8603515625
4.0   3.52783203125
5.0   1.287841796875
6.0   0.927734375
7.0   0.006103515625
8.0   0.45166015625
9.0   0.35400390625
10.0   0.01220703125
11.0   1.0986328125
12.0   0.213623046875
13.0   0.244140625
14.0   0.3875732421875
15.0   0.1861572265625
16.0   0.0396728515625
17.0   0.494384765625
18.0   0.18310546875
19.0   0.8026123046875
20.0   0.225830078125
21.0   0.10986328125
22.0   0.10986328125
23.0   0.2471923828125
24.0   0.2685546875
BTM.BSFHV02
-11.5   0.0
-11.0   0.0
-10.5   0.0
-10.0   0.0
-9.5   0.0
-9.0   0.0
-8.5   0.0
-8.0   0.0
-7.5   0.0
-7.0   0.0
-6.5   0.0
-6.0   0.0
-5.5   0.0
-5.0   0.0
-4.5   0.0
-4.0   0.0
-3.5   0.0
-3.0   0.0
-2.5   0.0
-2.0   0.0
-1.5   0.0
-1.0   0.0
-0.5   0.0
0.0   0.0
0.5   0.0
1.0   0.0
1.5   0.0
2.0   0.0
2.5   0.0
3.0   0.0
3.5   0.0
4.0   0.59814453125
4.5   1.3702392578125
5.0   3.3935546875
5.5   6.866455078125
6.0   13.3636474609375
6.5   24.2034912109375
7.0   54.364013671875
7.5   99.261474609375
8.0   99.9969482421875
8.5   58.72802734375
9.0   25.6591796875
9.5   13.3453369140625
10.0   6.396484375
10.5   3.2257080078125
11.0   0.5218505859375
11.5   0.2410888671875
12.0   0.0
BTM.BSFHV03
-23.0   0.0457763671875
-22.0   0.1434326171875
-21.0   0.0
-20.0   0.0
-19.0   0.0
-18.0   0.0
-17.0   0.0
-16.0   0.1739501953125
-15.0   0.244140625
-14.0   0.0
-13.0   0.0701904296875
-12.0   0.0701904296875
-11.0   0.0
-10.0   0.7110595703125
-9.0   0.335693359375
-8.0   0.0
-7.0   0.0518798828125
-6.0   0.5645751953125
-5.0   0.0
-4.0   0.4241943359375
-3.0   0.0732421875
-2.0   0.445556640625
-1.0   0.042724609375
0.0   0.0
1.0   0.0
2.0   0.0
3.0   0.0
4.0   0.0
5.0   0.0
6.0   0.1953125
7.0   0.457763671875
8.0   0.0
9.0   0.4730224609375
10.0   0.5828857421875
11.0   0.5889892578125
12.0   2.5604248046875
13.0   3.814697265625
14.0   6.268310546875
15.0   12.213134765625
16.0   21.075439453125
17.0   28.6712646484375
18.0   21.9879150390625
19.0   11.51123046875
20.0   5.2001953125
21.0   3.631591796875
22.0   1.9195556640625
23.0   0.8758544921875
24.0   0.03662109375
