BTM.BSFHV01
-23.0   0.1678466796875
-22.0   0.4730224609375
-21.0   0.5645751953125
-20.0   0.40283203125
-19.0   0.9735107421875
-18.0   0.3082275390625
-17.0   0.1312255859375
-16.0   0.4669189453125
-15.0   0.6744384765625
-14.0   1.641845703125
-13.0   2.9022216796875
-12.0   5.6121826171875
-11.0   10.760498046875
-10.0   24.6185302734375
-9.0   41.5191650390625
-8.0   45.7489013671875
-7.0   32.12890625
-6.0   16.0858154296875
-5.0   7.8155517578125
-4.0   3.619384765625
-3.0   2.001953125
-2.0   1.3916015625
-1.0   0.6622314453125
0.0   0.5096435546875
1.0   0.018310546875
2.0   0.0701904296875
3.0   0.518798828125
4.0   0.0579833984375
5.0   0.054931640625
6.0   0.0701904296875
7.0   0.0
8.0   0.384521484375
9.0   0.2288818359375
10.0   0.2777099609375
11.0   0.262451171875
12.0   0.0
13.0   0.079345703125
14.0   0.0
15.0   0.0
16.0   0.1617431640625
17.0   0.1953125
18.0   0.1495361328125
19.0   0.4150390625
20.0   0.0
21.0   0.0
22.0   0.3265380859375
23.0   0.0
24.0   0.0
BTM.BSFHV02
-11.5   1.0284423828125
-11.0   2.38037109375
-10.5   5.633544921875
-10.0   11.822509765625
-9.5   34.6160888671875
-9.0   59.11865234375
-8.5   99.2156982421875
-8.0   71.209716796875
-7.5   37.5885009765625
-7.0   14.794921875
-6.5   6.7169189453125
-6.0   3.6346435546875
-5.5   1.214599609375
-5.0   0.7293701171875
-4.5   0.3143310546875
-4.0   0.067138671875
-3.5   0.0
-3.0   0.0
-2.5   0.0
-2.0   0.0
-1.5   0.311279296875
-1.0   0.2899169921875
-0.5   0.189208984375
0.0   0.0
0.5   0.54931640625
1.0   0.0
1.5   0.0
2.0   0.0
2.5   0.0
3.0   0.146484375
3.5   0.0
4.0   0.1953125
4.5   0.0
5.0   0.0
5.5   0.0
6.0   0.482177734375
6.5   0.7965087890625
7.0   0.048828125
7.5   0.244140625
8.0   0.1495361328125
8.5   0.079345703125
9.0   0.146484375
9.5   0.482177734375
10.0   0.0
10.5   0.0
11.0   0.0
11.5   0.3692626953125
12.0   0.250244140625
BTM.BSFHV03
-23.0   0.0
-22.0   0.1220703125
-21.0   0.048828125
-20.0   0.2349853515625
-19.0   0.01220703125
-18.0   0.0
-17.0   0.0
-16.0   0.1434326171875
-15.0   0.1617431640625
-14.0   0.03662109375
-13.0   0.146484375
-12.0   0.0
-11.0   0.0
-10.0   0.0
-9.0   0.0
-8.0   0.0335693359375
-7.0   0.0
-6.0   0.0
-5.0   0.6500244140625
-4.0   0.665283203125
-3.0   2.069091796875
-2.0   4.1534423828125
-1.0   11.492919921875
0.0   28.8055419921875
1.0   45.15380859375
2.0   34.417724609375
3.0   14.3035888671875
4.0   4.1046142578125
5.0   1.6998291015625
6.0   0.4852294921875
7.0   0.0244140625
8.0   0.1739501953125
9.0   0.0
10.0   0.0
11.0   0.0
12.0   0.0
13.0   0.054931640625
14.0   0.0
15.0   0.48828125
16.0   0.0
17.0   0.0335693359375
18.0   0.0
19.0   0.0
20.0   0.0
21.0   0.0
22.0   0.0
23.0   0.0
24.0   0.0
