BTM.BSFHV01
-23.0   0.1434326171875
-22.0   0.5889892578125
-21.0   0.0
-20.0   0.3509521484375
-19.0   0.2593994140625
-18.0   0.457763671875
-17.0   0.439453125
-16.0   0.0335693359375
-15.0   0.28076171875
-14.0   0.311279296875
-13.0   0.1953125
-12.0   0.0
-11.0   0.3662109375
-10.0   0.2105712890625
-9.0   0.6103515625
-8.0   0.3936767578125
-7.0   0.604248046875
-6.0   1.6937255859375
-5.0   3.5308837890625
-4.0   7.7911376953125
-3.0   17.46826171875
-2.0   46.59423828125
-1.0   63.360595703125
0.0   31.927490234375
1.0   12.176513671875
2.0   5.7861328125
3.0   2.8045654296875
4.0   1.4404296875
5.0   0.6317138671875
6.0   0.396728515625
7.0   0.146484375
8.0   0.152587890625
9.0   0.28076171875
10.0   0.1708984375
11.0   0.7049560546875
12.0   0.103759765625
13.0   0.341796875
14.0   0.543212890625
15.0   0.2166748046875
16.0   0.421142578125
17.0   0.37841796875
18.0   0.421142578125
19.0   0.23193359375
20.0   0.164794921875
21.0   0.59814453125
22.0   0.0640869140625
23.0   0.1800537109375
24.0   0.2105712890625
BTM.BSFHV02
-11.5   0.0
-11.0   0.0
-10.5   0.0
-10.0   0.0
-9.5   0.0
-9.0   0.0
-8.5   0.091552734375
-8.0   0.0
-7.5   0.0
-7.0   0.1800537109375
-6.5   0.0
-6.0   0.0
-5.5   0.0
-5.0   0.0
-4.5   0.0
-4.0   0.177001953125
-3.5   0.0
-3.0   0.0
-2.5   0.0
-2.0   0.128173828125
-1.5   0.0
-1.0   0.0
-0.5   0.0
0.0   0.0
0.5   0.0
1.0   0.0
1.5   0.0
2.0   0.0
2.5   0.6195068359375
3.0   0.3326416015625
3.5   1.8798828125
4.0   5.0384521484375
4.5   9.8876953125
5.0   18.22509765625
5.5   37.5
6.0   80.2886962890625
6.5   99.9969482421875
7.0   61.309814453125
7.5   28.2501220703125
8.0   14.22119140625
8.5   7.5897216796875
9.0   3.179931640625
9.5   1.2115478515625
10.0   0.1129150390625
10.5   0.0
11.0   0.0
11.5   0.0
12.0   0.0
BTM.BSFHV03
-23.0   0.213623046875
-22.0   0.2166748046875
-21.0   0.1495361328125
-20.0   0.1190185546875
-19.0   0.347900390625
-18.0   0.10986328125
-17.0   0.0
-16.0   0.0
-15.0   0.836181640625
-14.0   0.0
-13.0   0.3021240234375
-12.0   0.0
-11.0   0.1373291015625
-10.0   0.32958984375
-9.0   0.6561279296875
-8.0   0.567626953125
-7.0   0.0732421875
-6.0   0.09765625
-5.0   0.2105712890625
-4.0   0.4791259765625
-3.0   0.2777099609375
-2.0   0.4669189453125
-1.0   0.0
0.0   0.0
1.0   0.4669189453125
2.0   0.3082275390625
3.0   0.42724609375
4.0   0.1129150390625
5.0   0.677490234375
6.0   0.244140625
7.0   1.0040283203125
8.0   0.9552001953125
9.0   1.5533447265625
10.0   1.4495849609375
11.0   3.387451171875
12.0   4.736328125
13.0   8.5784912109375
14.0   16.4276123046875
15.0   25.3692626953125
16.0   22.076416015625
17.0   12.5091552734375
18.0   6.14013671875
19.0   3.5003662109375
20.0   1.8524169921875
21.0   1.141357421875
22.0   0.927734375
23.0   0.7415771484375
24.0   0.152587890625
