BTM.BSFHV01
-23.0   0.6927490234375
-22.0   0.7904052734375
-21.0   0.93994140625
-20.0   0.5157470703125
-19.0   0.86669921875
-18.0   0.3631591796875
-17.0   0.9765625
-16.0   0.3814697265625
-15.0   0.9521484375
-14.0   0.9185791015625
-13.0   0.439453125
-12.0   0.8758544921875
-11.0   0.7781982421875
-10.0   0.9063720703125
-9.0   1.3671875
-8.0   2.227783203125
-7.0   4.3243408203125
-6.0   8.441162109375
-5.0   17.9229736328125
-4.0   32.879638671875
-3.0   41.412353515625
-2.0   33.89892578125
-1.0   18.780517578125
0.0   9.0484619140625
1.0   4.3853759765625
2.0   2.9266357421875
3.0   1.55029296875
4.0   1.116943359375
5.0   1.165771484375
6.0   0.6072998046875
7.0   0.445556640625
8.0   1.1199951171875
9.0   0.5645751953125
10.0   0.3875732421875
11.0   0.164794921875
12.0   0.4058837890625
13.0   0.6500244140625
14.0   0.3631591796875
15.0   0.8148193359375
16.0   0.4638671875
17.0   0.6805419921875
18.0   0.3021240234375
19.0   0.445556640625
20.0   0.32958984375
21.0   0.5096435546875
22.0   0.482177734375
23.0   0.445556640625
24.0   0.897216796875
BTM.BSFHV02
-11.5   0.177001953125
-11.0   0.03662109375
-10.5   0.1617431640625
-10.0   0.0274658203125
-9.5   0.0
-9.0   0.1556396484375
-8.5   0.244140625
-8.0   0.0
-7.5   0.3631591796875
-7.0   0.189208984375
-6.5   0.0
-6.0   0.84228515625
-5.5   0.1983642578125
-5.0   0.3387451171875
-4.5   0.701904296875
-4.0   1.0467529296875
-3.5   2.7069091796875
-3.0   3.857421875
-2.5   8.123779296875
-2.0   16.5985107421875
-1.5   43.0023193359375
-1.0   66.85791015625
-0.5   76.495361328125
0.0   41.9403076171875
0.5   19.6044921875
1.0   8.4381103515625
1.5   4.4769287109375
2.0   2.4078369140625
2.5   1.26953125
3.0   0.5401611328125
3.5   0.5645751953125
4.0   0.201416015625
4.5   0.0
5.0   0.0
5.5   0.5035400390625
6.0   0.5889892578125
6.5   0.555419921875
7.0   0.4974365234375
7.5   0.54931640625
8.0   0.42724609375
8.5   0.1617431640625
9.0   0.653076171875
9.5   0.2105712890625
10.0   0.1556396484375
10.5   0.128173828125
11.0   0.4547119140625
11.5   0.06103515625
12.0   0.2777099609375
BTM.BSFHV03
-23.0   0.4119873046875
-22.0   0.811767578125
-21.0   0.799560546875
-20.0   0.32958984375
-19.0   0.0
-18.0   0.3875732421875
-17.0   0.958251953125
-16.0   0.592041015625
-15.0   1.190185546875
-14.0   0.42724609375
-13.0   0.9429931640625
-12.0   0.1708984375
-11.0   0.860595703125
-10.0   0.6317138671875
-9.0   0.93994140625
-8.0   0.152587890625
-7.0   1.1627197265625
-6.0   0.6866455078125
-5.0   0.52490234375
-4.0   0.2349853515625
-3.0   0.341796875
-2.0   0.3570556640625
-1.0   0.0
0.0   0.4425048828125
1.0   0.4852294921875
2.0   0.0
3.0   0.0579833984375
4.0   0.1739501953125
5.0   0.8544921875
6.0   0.927734375
7.0   1.7364501953125
8.0   2.8564453125
9.0   6.6619873046875
10.0   17.950439453125
11.0   28.7811279296875
12.0   23.8525390625
13.0   11.090087890625
14.0   4.08935546875
15.0   1.7486572265625
16.0   1.26953125
17.0   0.946044921875
18.0   0.640869140625
19.0   0.3753662109375
20.0   0.006103515625
21.0   0.0
22.0   0.0
23.0   0.25634765625
24.0   0.3326416015625
