BTM.BSFHV01
-23.0   0.5126953125
-22.0   0.47607421875
-21.0   0.1953125
-20.0   0.4852294921875
-19.0   0.750732421875
-18.0   0.2166748046875
-17.0   0.152587890625
-16.0   0.408935546875
-15.0   0.3387451171875
-14.0   0.9124755859375
-13.0   0.543212890625
-12.0   1.123046875
-11.0   1.25732421875
-10.0   2.740478515625
-9.0   5.1666259765625
-8.0   11.181640625
-7.0   24.114990234375
-6.0   44.183349609375
-5.0   53.1524658203125
-4.0   40.41748046875
-3.0   21.966552734375
-2.0   9.4451904296875
-1.0   4.5928955078125
0.0   2.5421142578125
1.0   1.513671875
2.0   1.13525390625
3.0   0.1495361328125
4.0   0.5645751953125
5.0   0.6591796875
6.0   0.4241943359375
7.0   0.4119873046875
8.0   0.3631591796875
9.0   0.1983642578125
10.0   0.1434326171875
11.0   0.3936767578125
12.0   0.2197265625
13.0   0.2105712890625
14.0   0.0
15.0   0.0
16.0   0.146484375
17.0   0.439453125
18.0   0.2532958984375
19.0   0.2044677734375
20.0   0.0762939453125
21.0   0.0640869140625
22.0   0.1953125
23.0   0.0
24.0   0.0
BTM.BSFHV02
-11.5   0.0
-11.0   0.0
-10.5   0.0
-10.0   0.0
-9.5   0.0
-9.0   0.0
-8.5   0.0
-8.0   0.0
-7.5   0.0
-7.0   0.0
-6.5   0.4119873046875
-6.0   1.4984130859375
-5.5   5.0048828125
-5.0   8.3892822265625
-4.5   24.9237060546875
-4.0   49.3682861328125
-3.5   99.200439453125
-3.0   94.6319580078125
-2.5   57.2723388671875
-2.0   22.6776123046875
-1.5   9.5550537109375
-1.0   4.0191650390625
-0.5   2.020263671875
0.0   0.5340576171875
0.5   0.299072265625
1.0   0.0
1.5   0.0
2.0   0.0
2.5   0.0
3.0   0.0
3.5   0.0
4.0   0.0
4.5   0.0
5.0   0.0
5.5   0.0
6.0   0.29296875
6.5   0.128173828125
7.0   0.0823974609375
7.5   0.054931640625
8.0   0.0
8.5   0.0
9.0   0.0
9.5   0.2410888671875
10.0   0.0
10.5   0.0
11.0   0.2227783203125
11.5   0.0
12.0   0.115966796875
BTM.BSFHV03
-23.0   0.0
-22.0   0.28076171875
-21.0   0.30517578125
-20.0   0.15869140625
-19.0   0.0
-18.0   0.0
-17.0   0.10986328125
-16.0   0.0
-15.0   0.8544921875
-14.0   0.0
-13.0   0.0
-12.0   0.0
-11.0   0.0
-10.0   0.0
-9.0   0.0
-8.0   0.0
-7.0   0.47607421875
-6.0   0.0
-5.0   0.0
-4.0   0.0
-3.0   0.0
-2.0   0.067138671875
-1.0   0.1800537109375
0.0   0.0
1.0   0.238037109375
2.0   0.494384765625
3.0   0.8392333984375
4.0   1.25732421875
5.0   3.3233642578125
6.0   9.14306640625
7.0   23.6480712890625
8.0   41.241455078125
9.0   36.346435546875
10.0   17.010498046875
11.0   5.6732177734375
12.0   1.519775390625
13.0   0.72021484375
14.0   0.0
15.0   0.2227783203125
16.0   0.115966796875
17.0   0.164794921875
18.0   0.0
19.0   0.286865234375
20.0   0.0
21.0   0.0
22.0   0.0
23.0   0.3204345703125
24.0   0.0
