BTM.BSFHV01
-23.0   0.640869140625
-22.0   0.3448486328125
-21.0   0.341796875
-20.0   0.6805419921875
-19.0   0.3143310546875
-18.0   0.0
-17.0   0.50048828125
-16.0   0.3387451171875
-15.0   0.5035400390625
-14.0   0.1953125
-13.0   0.201416015625
-12.0   0.8941650390625
-11.0   0.457763671875
-10.0   0.5340576171875
-9.0   1.0009765625
-8.0   1.01318359375
-7.0   0.9307861328125
-6.0   1.9073486328125
-5.0   4.266357421875
-4.0   9.478759765625
-3.0   20.4925537109375
-2.0   35.9649658203125
-1.0   37.5640869140625
0.0   24.652099609375
1.0   10.9405517578125
2.0   4.9774169921875
3.0   2.0599365234375
4.0   1.495361328125
5.0   1.043701171875
6.0   0.7843017578125
7.0   0.5340576171875
8.0   0.5340576171875
9.0   0.0
10.0   0.0
11.0   0.0213623046875
12.0   0.0
13.0   0.189208984375
14.0   0.0885009765625
15.0   0.0
16.0   0.518798828125
17.0   0.140380859375
18.0   0.0946044921875
19.0   0.0
20.0   0.0
21.0   0.1373291015625
22.0   0.0
23.0   0.0
24.0   0.030517578125
BTM.BSFHV02
-11.5   0.2838134765625
-11.0   0.299072265625
-10.5   0.0
-10.0   0.0
-9.5   0.0
-9.0   0.0
-8.5   0.0
-8.0   0.0
-7.5   0.1068115234375
-7.0   0.0
-6.5   0.018310546875
-6.0   0.0
-5.5   0.0
-5.0   0.0
-4.5   0.0
-4.0   0.0
-3.5   0.0
-3.0   0.0
-2.5   0.25634765625
-2.0   0.0
-1.5   0.2410888671875
-1.0   0.7110595703125
-0.5   0.8514404296875
0.0   1.7578125
0.5   5.377197265625
1.0   11.1907958984375
1.5   31.329345703125
2.0   58.4014892578125
2.5   77.6458740234375
3.0   40.0604248046875
3.5   18.6981201171875
4.0   7.159423828125
4.5   2.9998779296875
5.0   1.654052734375
5.5   1.3031005859375
6.0   1.2786865234375
6.5   0.7659912109375
7.0   0.3692626953125
7.5   0.4638671875
8.0   0.482177734375
8.5   0.7049560546875
9.0   0.3265380859375
9.5   0.47607421875
10.0   0.89111328125
10.5   0.0
11.0   0.0
11.5   0.9246826171875
12.0   0.1373291015625
BTM.BSFHV03
-23.0   0.0
-22.0   0.0640869140625
-21.0   0.0
-20.0   0.0
-19.0   0.1007080078125
-18.0   0.4852294921875
-17.0   0.4547119140625
-16.0   0.408935546875
-15.0   0.2593994140625
-14.0   0.201416015625
-13.0   0.5889892578125
-12.0   0.2593994140625
-11.0   0.0
-10.0   0.10986328125
-9.0   0.1495361328125
-8.0   0.2471923828125
-7.0   0.146484375
-6.0   0.067138671875
-5.0   0.164794921875
-4.0   0.50048828125
-3.0   0.0
-2.0   0.1617431640625
-1.0   0.0
0.0   0.115966796875
1.0   0.0
2.0   0.0
3.0   0.299072265625
4.0   0.0
5.0   0.8056640625
6.0   0.732421875
7.0   0.9765625
8.0   0.244140625
9.0   0.439453125
10.0   0.62255859375
11.0   0.543212890625
12.0   1.177978515625
13.0   2.398681640625
14.0   6.988525390625
15.0   18.359375
16.0   23.687744140625
17.0   14.849853515625
18.0   5.6427001953125
19.0   2.0111083984375
20.0   0.9796142578125
21.0   0.1953125
22.0   0.457763671875
23.0   0.5462646484375
24.0   0.421142578125
