BTM.BSFHV01
-23.0   0.0
-22.0   0.286865234375
-21.0   0.653076171875
-20.0   0.67138671875
-19.0   0.0
-18.0   0.152587890625
-17.0   0.9368896484375
-16.0   0.4974365234375
-15.0   0.250244140625
-14.0   0.482177734375
-13.0   0.1434326171875
-12.0   0.5706787109375
-11.0   0.3997802734375
-10.0   1.23291015625
-9.0   2.1942138671875
-8.0   5.1239013671875
-7.0   10.2386474609375
-6.0   28.3935546875
-5.0   60.723876953125
-4.0   53.7261962890625
-3.0   21.8475341796875
-2.0   8.331298828125
-1.0   4.3609619140625
0.0   2.5726318359375
1.0   1.043701171875
2.0   0.8056640625
3.0   0.0091552734375
4.0   0.7904052734375
5.0   0.177001953125
6.0   0.1190185546875
7.0   0.0335693359375
8.0   0.32958984375
9.0   0.2471923828125
10.0   0.5462646484375
11.0   1.0406494140625
12.0   0.5828857421875
13.0   0.7568359375
14.0   0.2899169921875
15.0   0.20751953125
16.0   0.3662109375
17.0   0.3387451171875
18.0   0.5340576171875
19.0   0.494384765625
20.0   0.5157470703125
21.0   0.372314453125
22.0   0.5035400390625
23.0   0.03662109375
24.0   0.360107421875
BTM.BSFHV02
-11.5   0.2197265625
-11.0   0.0
-10.5   0.0
-10.0   0.0
-9.5   0.0
-9.0   0.0
-8.5   0.189208984375
-8.0   0.0
-7.5   0.0
-7.0   0.0
-6.5   0.0
-6.0   0.0
-5.5   0.25634765625
-5.0   0.0
-4.5   0.0
-4.0   0.3265380859375
-3.5   0.0
-3.0   0.0
-2.5   0.5889892578125
-2.0   1.025390625
-1.5   1.763916015625
-1.0   3.1585693359375
-0.5   6.4971923828125
0.0   13.57421875
0.5   23.8616943359375
1.0   57.11669921875
1.5   99.5269775390625
2.0   84.2010498046875
2.5   42.919921875
3.0   17.73681640625
3.5   9.9761962890625
4.0   5.5938720703125
4.5   2.57568359375
5.0   0.665283203125
5.5   0.6011962890625
6.0   0.23193359375
6.5   0.0
7.0   0.0
7.5   0.0
8.0   0.0
8.5   0.0
9.0   0.0
9.5   0.0
10.0   0.0
10.5   0.0
11.0   0.0
11.5   0.0
12.0   0.0
BTM.BSFHV03
-23.0   0.2960205078125
-22.0   0.0
-21.0   0.0
-20.0   0.3875732421875
-19.0   0.0
-18.0   0.0
-17.0   0.5645751953125
-16.0   0.0
-15.0   0.0
-14.0   0.5126953125
-13.0   0.0
-12.0   0.0
-11.0   0.347900390625
-10.0   0.0
-9.0   0.0
-8.0   0.1708984375
-7.0   0.0
-6.0   0.0
-5.0   0.47607421875
-4.0   0.0
-3.0   0.0
-2.0   0.0
-1.0   0.0
0.0   0.5767822265625
1.0   0.0
2.0   1.06201171875
3.0   0.115966796875
4.0   0.8575439453125
5.0   3.2928466796875
6.0   4.72412109375
7.0   8.65478515625
8.0   19.451904296875
9.0   27.89306640625
10.0   23.0621337890625
11.0   12.8875732421875
12.0   5.5694580078125
13.0   3.2928466796875
14.0   2.398681640625
15.0   0.0
16.0   0.0
17.0   0.6988525390625
18.0   0.0
19.0   0.0
20.0   0.762939453125
21.0   0.0
22.0   0.0
23.0   0.0732421875
24.0   0.0
