BTM.BSFHV01
-23.0   0.4669189453125
-22.0   0.62255859375
-21.0   0.238037109375
-20.0   0.616455078125
-19.0   0.640869140625
-18.0   0.3753662109375
-17.0   0.5401611328125
-16.0   0.4791259765625
-15.0   0.347900390625
-14.0   0.860595703125
-13.0   0.8331298828125
-12.0   0.555419921875
-11.0   0.2716064453125
-10.0   0.897216796875
-9.0   1.519775390625
-8.0   2.6702880859375
-7.0   5.8258056640625
-6.0   13.2232666015625
-5.0   31.8145751953125
-4.0   69.6685791015625
-3.0   60.33935546875
-2.0   24.4537353515625
-1.0   10.491943359375
0.0   4.26025390625
1.0   2.288818359375
2.0   1.3336181640625
3.0   0.64697265625
4.0   1.190185546875
5.0   0.0
6.0   0.68359375
7.0   0.274658203125
8.0   0.0
9.0   0.72021484375
10.0   0.7781982421875
11.0   1.1962890625
12.0   0.50048828125
13.0   0.7110595703125
14.0   0.1373291015625
15.0   0.8941650390625
16.0   0.494384765625
17.0   0.4608154296875
18.0   0.9307861328125
19.0   0.9368896484375
20.0   0.3021240234375
21.0   0.6866455078125
22.0   0.62255859375
23.0   0.32958984375
24.0   0.347900390625
BTM.BSFHV02
-11.5   0.0
-11.0   0.0
-10.5   0.0
-10.0   0.1495361328125
-9.5   0.0
-9.0   0.0
-8.5   0.0
-8.0   0.0
-7.5   0.0
-7.0   0.23193359375
-6.5   0.0
-6.0   0.0
-5.5   0.0
-5.0   0.0
-4.5   0.0
-4.0   0.238037109375
-3.5   0.0
-3.0   0.0
-2.5   0.0
-2.0   0.0
-1.5   0.10986328125
-1.0   0.59814453125
-0.5   0.3082275390625
0.0   2.62451171875
0.5   4.2236328125
1.0   9.246826171875
1.5   16.8060302734375
2.0   33.0780029296875
2.5   55.224609375
3.0   99.9969482421875
3.5   86.993408203125
4.0   39.7125244140625
4.5   19.5343017578125
5.0   9.844970703125
5.5   5.3985595703125
6.0   2.57568359375
6.5   1.2908935546875
7.0   0.78125
7.5   0.0
8.0   0.0
8.5   0.0
9.0   0.0
9.5   0.0
10.0   0.164794921875
10.5   0.0
11.0   0.0
11.5   0.0762939453125
12.0   0.0
BTM.BSFHV03
-23.0   0.0
-22.0   0.9246826171875
-21.0   0.457763671875
-20.0   0.0
-19.0   0.40283203125
-18.0   1.7303466796875
-17.0   0.0
-16.0   1.300048828125
-15.0   1.1016845703125
-14.0   0.0
-13.0   0.469970703125
-12.0   0.7598876953125
-11.0   0.0
-10.0   1.202392578125
-9.0   1.263427734375
-8.0   0.0
-7.0   0.0762939453125
-6.0   1.3702392578125
-5.0   0.0
-4.0   1.1688232421875
-3.0   1.123046875
-2.0   0.81787109375
-1.0   0.6134033203125
0.0   0.0
1.0   0.3814697265625
2.0   0.0
3.0   1.666259765625
4.0   1.6326904296875
5.0   1.07421875
6.0   3.0059814453125
7.0   5.1788330078125
8.0   5.657958984375
9.0   13.9068603515625
10.0   24.4232177734375
11.0   30.841064453125
12.0   24.871826171875
13.0   13.3270263671875
14.0   5.7403564453125
15.0   4.3212890625
16.0   2.838134765625
17.0   0.4852294921875
18.0   1.6448974609375
19.0   1.2725830078125
20.0   0.3814697265625
21.0   0.732421875
22.0   0.7415771484375
23.0   0.01220703125
24.0   0.15869140625
