BTM.BSFHV01
-23.0   0.103759765625
-22.0   0.0
-21.0   0.0
-20.0   0.0
-19.0   0.0
-18.0   0.0
-17.0   0.0
-16.0   0.0
-15.0   0.0
-14.0   0.152587890625
-13.0   0.0
-12.0   0.28076171875
-11.0   0.360107421875
-10.0   0.909423828125
-9.0   1.806640625
-8.0   3.8909912109375
-7.0   9.075927734375
-6.0   20.8282470703125
-5.0   34.02099609375
-4.0   35.845947265625
-3.0   23.370361328125
-2.0   10.8734130859375
-1.0   4.5318603515625
0.0   1.7822265625
1.0   1.031494140625
2.0   0.09765625
3.0   0.128173828125
4.0   0.32958984375
5.0   0.0
6.0   0.0
7.0   0.0
8.0   0.0457763671875
9.0   0.0
10.0   0.0
11.0   0.0
12.0   0.0
13.0   0.0
14.0   0.0
15.0   0.0
16.0   0.0
17.0   0.0
18.0   0.0
19.0   0.0
20.0   0.0
21.0   0.0
22.0   0.0
23.0   0.0
24.0   0.0
BTM.BSFHV02
-11.5   0.1983642578125
-11.0   0.0
-10.5   0.0
-10.0   0.0
-9.5   0.0
-9.0   0.0
-8.5   0.0
-8.0   0.0
-7.5   0.079345703125
-7.0   0.0
-6.5   0.0
-6.0   0.0
-5.5   0.152587890625
-5.0   0.5767822265625
-4.5   1.971435546875
-4.0   3.45458984375
-3.5   9.869384765625
-3.0   18.988037109375
-2.5   47.61962890625
-2.0   74.3194580078125
-1.5   72.03369140625
-1.0   34.2254638671875
-0.5   14.129638671875
0.0   5.9478759765625
0.5   2.8594970703125
1.0   1.2054443359375
1.5   0.3631591796875
2.0   0.13427734375
2.5   0.0
3.0   0.0
3.5   0.0
4.0   0.0
4.5   0.0
5.0   0.1434326171875
5.5   0.0
6.0   0.360107421875
6.5   0.0
7.0   0.0
7.5   0.0
8.0   0.0091552734375
8.5   0.0
9.0   0.3204345703125
9.5   0.0
10.0   0.0
10.5   0.0
11.0   0.0
11.5   0.0
12.0   0.0
BTM.BSFHV03
-23.0   0.0
-22.0   0.531005859375
-21.0   0.4119873046875
-20.0   0.3631591796875
-19.0   0.146484375
-18.0   0.2044677734375
-17.0   0.28076171875
-16.0   0.262451171875
-15.0   0.0213623046875
-14.0   0.1129150390625
-13.0   0.1922607421875
-12.0   0.0
-11.0   0.177001953125
-10.0   0.0
-9.0   0.0
-8.0   0.28076171875
-7.0   0.4058837890625
-6.0   0.0
-5.0   0.32958984375
-4.0   0.2960205078125
-3.0   0.0
-2.0   0.3936767578125
-1.0   0.0
0.0   0.0
1.0   0.982666015625
2.0   0.091552734375
3.0   0.640869140625
4.0   0.250244140625
5.0   0.8697509765625
6.0   0.8697509765625
7.0   2.6336669921875
8.0   5.2093505859375
9.0   14.0869140625
10.0   26.348876953125
11.0   25.830078125
12.0   12.2283935546875
13.0   4.364013671875
14.0   1.1993408203125
15.0   0.89111328125
16.0   0.81787109375
17.0   0.0
18.0   0.1007080078125
19.0   0.3692626953125
20.0   0.0
21.0   0.2685546875
22.0   0.0
23.0   0.0
24.0   0.0
