BTM.BSFHV01
-23.0   0.0
-22.0   0.1617431640625
-21.0   0.0
-20.0   0.2960205078125
-19.0   0.0
-18.0   0.0
-17.0   0.152587890625
-16.0   0.0152587890625
-15.0   0.823974609375
-14.0   1.214599609375
-13.0   3.0120849609375
-12.0   7.0892333984375
-11.0   15.826416015625
-10.0   41.5618896484375
-9.0   72.2442626953125
-8.0   42.7276611328125
-7.0   16.3421630859375
-6.0   7.5469970703125
-5.0   3.55224609375
-4.0   1.2908935546875
-3.0   0.3753662109375
-2.0   0.311279296875
-1.0   0.0
0.0   0.5828857421875
1.0   0.0
2.0   0.5523681640625
3.0   0.03662109375
4.0   0.0
5.0   0.0
6.0   0.128173828125
7.0   0.0
8.0   0.1617431640625
9.0   0.0
10.0   0.177001953125
11.0   0.775146484375
12.0   0.2471923828125
13.0   0.0
14.0   0.2532958984375
15.0   0.3997802734375
16.0   0.0
17.0   0.1434326171875
18.0   0.0
19.0   0.0579833984375
20.0   0.0
21.0   0.0
22.0   0.0
23.0   0.0
24.0   0.0
BTM.BSFHV02
-11.5   0.0
-11.0   0.0
-10.5   0.0
-10.0   0.0
-9.5   0.0
-9.0   0.0
-8.5   0.1953125
-8.0   1.15966796875
-7.5   2.1453857421875
-7.0   4.3182373046875
-6.5   8.1024169921875
-6.0   16.4459228515625
-5.5   31.7474365234375
-5.0   72.5128173828125
-4.5   99.9969482421875
-4.0   82.8094482421875
-3.5   41.6168212890625
-3.0   18.26171875
-2.5   9.8236083984375
-2.0   4.8431396484375
-1.5   2.5390625
-1.0   1.3458251953125
-0.5   0.2960205078125
0.0   0.0152587890625
0.5   0.0091552734375
1.0   0.0
1.5   0.0
2.0   0.0
2.5   0.0
3.0   0.0396728515625
3.5   0.0
4.0   0.0
4.5   0.0
5.0   0.0
5.5   0.0
6.0   0.0
6.5   0.0152587890625
7.0   0.0
7.5   0.0
8.0   0.0946044921875
8.5   0.0
9.0   0.0
9.5   0.0
10.0   0.0
10.5   0.054931640625
11.0   0.0
11.5   0.0
12.0   0.0
BTM.BSFHV03
-23.0   0.0
-22.0   0.238037109375
-21.0   1.0772705078125
-20.0   0.0
-19.0   0.98876953125
-18.0   0.8636474609375
-17.0   0.0
-16.0   0.2593994140625
-15.0   0.4974365234375
-14.0   0.0
-13.0   0.81787109375
-12.0   0.7171630859375
-11.0   0.0
-10.0   0.457763671875
-9.0   0.8209228515625
-8.0   0.2685546875
-7.0   1.165771484375
-6.0   1.177978515625
-5.0   0.3326416015625
-4.0   2.1240234375
-3.0   2.8472900390625
-2.0   5.2825927734375
-1.0   9.4696044921875
0.0   18.646240234375
1.0   31.9427490234375
2.0   29.547119140625
3.0   18.5638427734375
4.0   9.149169921875
5.0   4.8858642578125
6.0   3.7139892578125
7.0   1.9287109375
8.0   1.03759765625
9.0   1.4190673828125
10.0   1.6204833984375
11.0   0.286865234375
12.0   0.933837890625
13.0   0.5523681640625
14.0   0.0
15.0   0.4058837890625
16.0   0.836181640625
17.0   0.2532958984375
18.0   0.9979248046875
19.0   0.5615234375
20.0   0.0
21.0   0.98876953125
22.0   1.019287109375
23.0   0.20751953125
24.0   1.0284423828125
