BTM.BSFHV01
-23.0   0.421142578125
-22.0   0.689697265625
-21.0   0.4180908203125
-20.0   0.5279541015625
-19.0   0.3021240234375
-18.0   0.299072265625
-17.0   0.579833984375
-16.0   0.592041015625
-15.0   0.909423828125
-14.0   0.78125
-13.0   1.385498046875
-12.0   2.752685546875
-11.0   4.541015625
-10.0   11.0076904296875
-9.0   30.2337646484375
-8.0   50.93994140625
-7.0   32.708740234375
-6.0   12.2833251953125
-5.0   5.1513671875
-4.0   2.447509765625
-3.0   1.5167236328125
-2.0   1.3458251953125
-1.0   0.7965087890625
0.0   0.42724609375
1.0   0.67138671875
2.0   0.531005859375
3.0   0.2655029296875
4.0   0.494384765625
5.0   0.0
6.0   0.6011962890625
7.0   0.4058837890625
8.0   0.62255859375
9.0   0.457763671875
10.0   0.677490234375
11.0   1.2481689453125
12.0   0.3631591796875
13.0   0.640869140625
14.0   0.994873046875
15.0   0.6988525390625
16.0   0.604248046875
17.0   0.177001953125
18.0   0.3387451171875
19.0   0.848388671875
20.0   0.3997802734375
21.0   0.6134033203125
22.0   0.5828857421875
23.0   0.518798828125
24.0   0.640869140625
BTM.BSFHV02
-11.5   0.079345703125
-11.0   0.0
-10.5   0.4913330078125
-10.0   0.0
-9.5   0.262451171875
-9.0   0.0
-8.5   0.0
-8.0   0.341796875
-7.5   0.5462646484375
-7.0   0.0
-6.5   0.994873046875
-6.0   2.5238037109375
-5.5   2.6458740234375
-5.0   6.31103515625
-4.5   11.5570068359375
-4.0   24.7894287109375
-3.5   52.0416259765625
-3.0   83.4716796875
-2.5   55.6640625
-2.0   24.072265625
-1.5   12.40234375
-1.0   6.4727783203125
-0.5   3.6041259765625
0.0   1.519775390625
0.5   1.0986328125
1.0   0.2197265625
1.5   0.59814453125
2.0   0.0732421875
2.5   0.0
3.0   0.531005859375
3.5   0.06103515625
4.0   0.0
4.5   0.0
5.0   0.0
5.5   0.0
6.0   0.250244140625
6.5   0.3570556640625
7.0   0.0
7.5   0.0
8.0   0.32958984375
8.5   0.0244140625
9.0   0.0030517578125
9.5   0.18310546875
10.0   0.0
10.5   0.4730224609375
11.0   0.1983642578125
11.5   0.0
12.0   0.0
BTM.BSFHV03
-23.0   0.0
-22.0   0.9552001953125
-21.0   0.762939453125
-20.0   0.2777099609375
-19.0   0.4730224609375
-18.0   0.59814453125
-17.0   0.0
-16.0   0.8514404296875
-15.0   1.043701171875
-14.0   0.0
-13.0   0.8636474609375
-12.0   1.0040283203125
-11.0   0.0
-10.0   1.3153076171875
-9.0   1.0650634765625
-8.0   0.3997802734375
-7.0   0.8270263671875
-6.0   0.9124755859375
-5.0   0.0
-4.0   1.129150390625
-3.0   1.7730712890625
-2.0   2.0782470703125
-1.0   2.72216796875
0.0   3.2440185546875
1.0   7.513427734375
2.0   13.90380859375
3.0   23.3001708984375
4.0   20.367431640625
5.0   11.1175537109375
6.0   6.0211181640625
7.0   3.6712646484375
8.0   2.4078369140625
9.0   1.666259765625
10.0   1.9622802734375
11.0   0.640869140625
12.0   1.513671875
13.0   1.6204833984375
14.0   0.067138671875
15.0   0.8056640625
16.0   0.8392333984375
17.0   0.1739501953125
18.0   1.0894775390625
19.0   0.9765625
20.0   0.0
21.0   0.909423828125
22.0   0.5096435546875
23.0   0.347900390625
24.0   1.13525390625
