BTM.BSFHV01
-23.0   0.0
-22.0   0.0
-21.0   0.0
-20.0   0.0
-19.0   0.0
-18.0   0.0
-17.0   0.09765625
-16.0   0.1861572265625
-15.0   0.0
-14.0   0.0
-13.0   0.0
-12.0   0.1556396484375
-11.0   0.0
-10.0   0.0
-9.0   1.153564453125
-8.0   1.702880859375
-7.0   4.5654296875
-6.0   11.36474609375
-5.0   25.4180908203125
-4.0   41.40625
-3.0   43.402099609375
-2.0   29.022216796875
-1.0   13.946533203125
0.0   6.26220703125
1.0   2.6397705078125
2.0   1.4739990234375
3.0   0.2716064453125
4.0   0.3082275390625
5.0   0.311279296875
6.0   0.1007080078125
7.0   0.0
8.0   0.0
9.0   0.0
10.0   0.0
11.0   0.0
12.0   0.0
13.0   0.25634765625
14.0   0.0
15.0   0.0
16.0   0.0
17.0   0.1220703125
18.0   0.0
19.0   0.0
20.0   0.0
21.0   0.1617431640625
22.0   0.0
23.0   0.0
24.0   0.01220703125
BTM.BSFHV02
-11.5   0.0
-11.0   0.54931640625
-10.5   0.0
-10.0   0.3448486328125
-9.5   0.0701904296875
-9.0   0.06103515625
-8.5   0.0
-8.0   0.372314453125
-7.5   0.6500244140625
-7.0   0.6622314453125
-6.5   0.4730224609375
-6.0   0.4302978515625
-5.5   0.537109375
-5.0   1.07421875
-4.5   1.904296875
-4.0   2.978515625
-3.5   6.622314453125
-3.0   11.517333984375
-2.5   26.8402099609375
-2.0   52.3345947265625
-1.5   77.227783203125
-1.0   76.776123046875
-0.5   47.1466064453125
0.0   19.3572998046875
0.5   9.7930908203125
1.0   4.6417236328125
1.5   2.6702880859375
2.0   1.6448974609375
2.5   0.9765625
3.0   0.6072998046875
3.5   0.45166015625
4.0   0.018310546875
4.5   0.189208984375
5.0   0.0
5.5   0.0
6.0   0.0
6.5   0.0
7.0   0.0
7.5   0.0
8.0   0.0
8.5   0.0
9.0   0.0
9.5   0.0
10.0   0.0
10.5   0.15869140625
11.0   0.0
11.5   0.0
12.0   0.0
BTM.BSFHV03
-23.0   0.0
-22.0   0.8087158203125
-21.0   0.8331298828125
-20.0   0.4730224609375
-19.0   0.4486083984375
-18.0   0.1220703125
-17.0   0.3753662109375
-16.0   0.0
-15.0   0.2777099609375
-14.0   0.384521484375
-13.0   0.140380859375
-12.0   0.0
-11.0   0.189208984375
-10.0   0.3265380859375
-9.0   0.006103515625
-8.0   0.7659912109375
-7.0   0.2655029296875
-6.0   0.1129150390625
-5.0   0.0579833984375
-4.0   0.213623046875
-3.0   0.469970703125
-2.0   0.701904296875
-1.0   0.238037109375
0.0   0.225830078125
1.0   0.09765625
2.0   0.3509521484375
3.0   0.482177734375
4.0   0.37841796875
5.0   0.927734375
6.0   1.1322021484375
7.0   2.8472900390625
8.0   6.2652587890625
9.0   17.8009033203125
10.0   31.231689453125
11.0   30.5145263671875
12.0   15.338134765625
13.0   5.609130859375
14.0   1.519775390625
15.0   1.1810302734375
16.0   0.2105712890625
17.0   0.0
18.0   0.0
19.0   0.0
20.0   0.0
21.0   0.0
22.0   0.0
23.0   0.0
24.0   0.0
