BTM.BSFHV01
-23.0   0.37841796875
-22.0   0.2288818359375
-21.0   0.0
-20.0   0.0274658203125
-19.0   0.0
-18.0   0.0
-17.0   0.079345703125
-16.0   0.1251220703125
-15.0   0.0762939453125
-14.0   0.274658203125
-13.0   0.0518798828125
-12.0   0.286865234375
-11.0   0.347900390625
-10.0   0.0
-9.0   0.1220703125
-8.0   0.6317138671875
-7.0   0.23193359375
-6.0   1.080322265625
-5.0   2.020263671875
-4.0   5.1422119140625
-3.0   10.4461669921875
-2.0   27.4749755859375
-1.0   55.322265625
0.0   46.002197265625
1.0   18.2159423828125
2.0   7.6995849609375
3.0   3.6346435546875
4.0   1.94091796875
5.0   0.62255859375
6.0   0.7232666015625
7.0   0.47607421875
8.0   0.0885009765625
9.0   0.1861572265625
10.0   0.0
11.0   0.8087158203125
12.0   0.6072998046875
13.0   0.0885009765625
14.0   0.0
15.0   0.3662109375
16.0   0.5523681640625
17.0   0.0
18.0   0.0
19.0   0.8392333984375
20.0   0.06103515625
21.0   0.0
22.0   0.0
23.0   0.0
24.0   0.006103515625
BTM.BSFHV02
-11.5   0.0
-11.0   0.0
-10.5   0.0
-10.0   0.0
-9.5   0.0
-9.0   0.0
-8.5   0.0
-8.0   0.0
-7.5   0.0
-7.0   0.0
-6.5   0.0
-6.0   0.0
-5.5   0.0
-5.0   0.0
-4.5   0.0
-4.0   0.5157470703125
-3.5   0.0
-3.0   0.0
-2.5   0.189208984375
-2.0   0.0
-1.5   0.0
-1.0   0.0
-0.5   0.0
0.0   0.0
0.5   0.0
1.0   0.0
1.5   0.0
2.0   0.0
2.5   0.15869140625
3.0   0.0
3.5   0.0030517578125
4.0   1.702880859375
4.5   3.18603515625
5.0   6.3385009765625
5.5   13.262939453125
6.0   25.4791259765625
6.5   56.6375732421875
7.0   75.4669189453125
7.5   74.8291015625
8.0   33.087158203125
8.5   16.8609619140625
9.0   7.8399658203125
9.5   3.582763671875
10.0   1.8798828125
10.5   0.3936767578125
11.0   0.0
11.5   0.1495361328125
12.0   0.0
BTM.BSFHV03
-23.0   0.0
-22.0   0.0
-21.0   0.0
-20.0   0.18310546875
-19.0   0.408935546875
-18.0   0.0
-17.0   0.0
-16.0   0.0
-15.0   0.3692626953125
-14.0   0.0
-13.0   0.0
-12.0   0.244140625
-11.0   0.0
-10.0   0.1312255859375
-9.0   0.0
-8.0   0.0
-7.0   0.2044677734375
-6.0   0.0
-5.0   0.0
-4.0   0.0
-3.0   0.2227783203125
-2.0   0.0
-1.0   0.2288818359375
0.0   0.0
1.0   0.0
2.0   0.0
3.0   0.0457763671875
4.0   0.0
5.0   0.0
6.0   0.0
7.0   0.5340576171875
8.0   0.0762939453125
9.0   0.6103515625
10.0   0.6500244140625
11.0   1.6754150390625
12.0   2.496337890625
13.0   3.9215087890625
14.0   7.696533203125
15.0   15.057373046875
16.0   22.0916748046875
17.0   17.9595947265625
18.0   9.8388671875
19.0   4.3212890625
20.0   2.423095703125
21.0   1.8585205078125
22.0   1.1474609375
23.0   0.0518798828125
24.0   0.0
