BTM.BSFHV01
-23.0   0.0
-22.0   0.0
-21.0   0.0
-20.0   0.0
-19.0   0.0
-18.0   0.0
-17.0   0.0
-16.0   0.0
-15.0   0.0
-14.0   0.0
-13.0   0.01220703125
-12.0   0.0
-11.0   0.0
-10.0   0.3021240234375
-9.0   0.0
-8.0   0.0
-7.0   0.0
-6.0   0.8636474609375
-5.0   3.033447265625
-4.0   7.5592041015625
-3.0   15.7806396484375
-2.0   35.2203369140625
-1.0   51.2420654296875
0.0   47.9400634765625
1.0   27.91748046875
2.0   12.9241943359375
3.0   4.925537109375
4.0   2.9815673828125
5.0   0.8575439453125
6.0   0.5950927734375
7.0   0.0
8.0   0.1190185546875
9.0   0.0
10.0   0.0
11.0   0.0
12.0   0.0
13.0   0.0
14.0   0.0
15.0   0.0
16.0   0.0
17.0   0.0
18.0   0.0
19.0   0.0
20.0   0.0
21.0   0.0
22.0   0.0
23.0   0.0
24.0   0.0
BTM.BSFHV02
-11.5   0.0
-11.0   0.0
-10.5   0.0
-10.0   0.0
-9.5   0.0
-9.0   0.0
-8.5   0.0
-8.0   0.0
-7.5   0.0
-7.0   0.0
-6.5   0.0
-6.0   0.0
-5.5   0.0
-5.0   0.0
-4.5   0.0
-4.0   0.0
-3.5   0.0
-3.0   0.0
-2.5   0.0
-2.0   0.0
-1.5   0.3204345703125
-1.0   0.177001953125
-0.5   1.4373779296875
0.0   2.52685546875
0.5   6.3629150390625
1.0   12.298583984375
1.5   32.01904296875
2.0   62.7532958984375
2.5   98.6572265625
3.0   84.820556640625
3.5   47.0184326171875
4.0   19.171142578125
4.5   8.3343505859375
5.0   3.472900390625
5.5   1.57470703125
6.0   1.2847900390625
6.5   0.0823974609375
7.0   0.0
7.5   0.0
8.0   0.0
8.5   0.0
9.0   0.0
9.5   0.0
10.0   0.0
10.5   0.0
11.0   0.0
11.5   0.0
12.0   0.0
BTM.BSFHV03
-23.0   0.0
-22.0   0.0
-21.0   0.0
-20.0   0.0
-19.0   0.0
-18.0   0.0
-17.0   0.0
-16.0   0.0
-15.0   0.0
-14.0   0.0
-13.0   0.0
-12.0   0.0
-11.0   0.0
-10.0   0.0
-9.0   0.1739501953125
-8.0   0.3936767578125
-7.0   0.0
-6.0   0.0
-5.0   0.0
-4.0   0.0
-3.0   0.0
-2.0   0.0
-1.0   0.0
0.0   0.0
1.0   0.0
2.0   0.0
3.0   0.1129150390625
4.0   0.0
5.0   0.0701904296875
6.0   0.0
7.0   0.0
8.0   0.0030517578125
9.0   0.0
10.0   0.0
11.0   0.4302978515625
12.0   1.055908203125
13.0   4.632568359375
14.0   12.1917724609375
15.0   28.9794921875
16.0   30.7769775390625
17.0   17.169189453125
18.0   5.975341796875
19.0   1.861572265625
20.0   0.2471923828125
21.0   0.0
22.0   0.09765625
23.0   0.1220703125
24.0   0.0
