BTM.BSFHV01
-23.0   0.0
-22.0   0.0
-21.0   0.0
-20.0   0.3631591796875
-19.0   0.0
-18.0   0.0
-17.0   0.1007080078125
-16.0   0.9490966796875
-15.0   2.911376953125
-14.0   7.45849609375
-13.0   16.22314453125
-12.0   42.49267578125
-11.0   75.152587890625
-10.0   45.27587890625
-9.0   17.19970703125
-8.0   7.684326171875
-7.0   3.8299560546875
-6.0   2.008056640625
-5.0   0.3326416015625
-4.0   0.2655029296875
-3.0   0.0701904296875
-2.0   0.201416015625
-1.0   0.0
0.0   0.0
1.0   0.0
2.0   0.0
3.0   0.0
4.0   0.0091552734375
5.0   0.0
6.0   0.0
7.0   0.0
8.0   0.0
9.0   0.030517578125
10.0   0.0
11.0   0.335693359375
12.0   0.3387451171875
13.0   0.2044677734375
14.0   0.0
15.0   0.0
16.0   0.0885009765625
17.0   0.006103515625
18.0   0.3631591796875
19.0   0.0
20.0   0.0
21.0   0.0
22.0   0.0
23.0   0.0
24.0   0.3326416015625
BTM.BSFHV02
-11.5   0.0
-11.0   0.0
-10.5   0.8514404296875
-10.0   2.74658203125
-9.5   6.0211181640625
-9.0   10.9710693359375
-8.5   21.7620849609375
-8.0   46.9085693359375
-7.5   99.3804931640625
-7.0   99.9969482421875
-6.5   67.626953125
-6.0   28.460693359375
-5.5   15.6494140625
-5.0   7.4676513671875
-4.5   3.717041015625
-4.0   1.84326171875
-3.5   0.13427734375
-3.0   0.0
-2.5   0.0
-2.0   0.0
-1.5   0.0
-1.0   0.0
-0.5   0.0
0.0   0.0
0.5   0.0
1.0   0.0
1.5   0.0
2.0   0.0
2.5   0.0
3.0   0.0
3.5   0.0
4.0   0.0
4.5   0.0
5.0   0.0
5.5   0.0
6.0   0.0
6.5   0.0
7.0   0.0
7.5   0.0
8.0   0.0
8.5   0.0
9.0   0.0
9.5   0.0
10.0   0.0
10.5   0.0
11.0   0.0
11.5   0.0
12.0   0.0
BTM.BSFHV03
-23.0   0.0
-22.0   0.006103515625
-21.0   0.0
-20.0   0.0
-19.0   0.0
-18.0   0.0
-17.0   0.0
-16.0   0.0
-15.0   0.0
-14.0   0.0
-13.0   0.0
-12.0   0.0
-11.0   0.0
-10.0   0.0
-9.0   0.0
-8.0   0.6805419921875
-7.0   1.5380859375
-6.0   3.271484375
-5.0   5.902099609375
-4.0   12.445068359375
-3.0   25.177001953125
-2.0   34.3902587890625
-1.0   24.6795654296875
0.0   12.2955322265625
1.0   6.0791015625
2.0   3.4271240234375
3.0   1.9927978515625
4.0   1.18408203125
5.0   0.616455078125
6.0   0.0
7.0   0.0
8.0   0.0
9.0   0.0
10.0   0.0
11.0   0.0
12.0   0.067138671875
13.0   0.0
14.0   0.0
15.0   0.0
16.0   0.0
17.0   0.0823974609375
18.0   0.0
19.0   0.0
20.0   0.0
21.0   0.0
22.0   0.0
23.0   0.0
24.0   0.0
