BTM.BSFHV01
-23.0   0.0762939453125
-22.0   0.0
-21.0   0.0
-20.0   0.0
-19.0   0.0
-18.0   0.0
-17.0   0.0
-16.0   0.0
-15.0   0.0
-14.0   0.2838134765625
-13.0   0.0
-12.0   0.0
-11.0   0.0
-10.0   0.0
-9.0   0.0
-8.0   0.0
-7.0   0.006103515625
-6.0   0.0
-5.0   0.9674072265625
-4.0   2.301025390625
-3.0   4.150390625
-2.0   9.99755859375
-1.0   22.0184326171875
0.0   40.777587890625
1.0   46.1578369140625
2.0   33.6334228515625
3.0   15.399169921875
4.0   6.8817138671875
5.0   3.5552978515625
6.0   2.020263671875
7.0   0.30517578125
8.0   0.20751953125
9.0   0.335693359375
10.0   1.06201171875
11.0   1.043701171875
12.0   0.5950927734375
13.0   0.872802734375
14.0   0.8056640625
15.0   0.543212890625
16.0   0.4302978515625
17.0   0.640869140625
18.0   0.4180908203125
19.0   0.7843017578125
20.0   0.6439208984375
21.0   0.1556396484375
22.0   0.738525390625
23.0   0.274658203125
24.0   0.5401611328125
BTM.BSFHV02
-11.5   0.0
-11.0   0.0
-10.5   0.0
-10.0   0.0
-9.5   0.0
-9.0   0.0
-8.5   0.0
-8.0   0.0
-7.5   0.0
-7.0   0.006103515625
-6.5   0.2532958984375
-6.0   0.1373291015625
-5.5   0.0
-5.0   0.0
-4.5   0.0
-4.0   0.0
-3.5   0.01220703125
-3.0   0.13427734375
-2.5   0.2838134765625
-2.0   0.13427734375
-1.5   0.0
-1.0   0.40283203125
-0.5   0.3173828125
0.0   0.0
0.5   0.1251220703125
1.0   0.433349609375
1.5   0.2838134765625
2.0   0.9918212890625
2.5   1.8096923828125
3.0   3.485107421875
3.5   6.3201904296875
4.0   11.58447265625
4.5   29.6142578125
5.0   57.9803466796875
5.5   99.9969482421875
6.0   83.807373046875
6.5   39.605712890625
7.0   16.6961669921875
7.5   8.36181640625
8.0   4.0740966796875
8.5   2.5787353515625
9.0   1.422119140625
9.5   1.019287109375
10.0   0.8087158203125
10.5   0.1983642578125
11.0   0.006103515625
11.5   0.6591796875
12.0   0.494384765625
BTM.BSFHV03
-23.0   0.0
-22.0   0.13427734375
-21.0   0.6317138671875
-20.0   0.372314453125
-19.0   0.1190185546875
-18.0   0.0
-17.0   0.7415771484375
-16.0   0.579833984375
-15.0   0.29296875
-14.0   1.0833740234375
-13.0   0.3662109375
-12.0   0.0701904296875
-11.0   0.439453125
-10.0   0.347900390625
-9.0   0.7171630859375
-8.0   0.494384765625
-7.0   0.10986328125
-6.0   0.1495361328125
-5.0   0.433349609375
-4.0   0.555419921875
-3.0   0.0335693359375
-2.0   0.885009765625
-1.0   0.6317138671875
0.0   0.1953125
1.0   0.5462646484375
2.0   0.4608154296875
3.0   0.360107421875
4.0   0.0
5.0   1.2054443359375
6.0   0.799560546875
7.0   0.91552734375
8.0   0.5035400390625
9.0   0.7415771484375
10.0   0.1617431640625
11.0   0.274658203125
12.0   0.25634765625
13.0   0.360107421875
14.0   0.81787109375
15.0   1.0772705078125
16.0   1.20849609375
17.0   2.6458740234375
18.0   6.5765380859375
19.0   17.7215576171875
20.0   27.1514892578125
21.0   21.2554931640625
22.0   9.710693359375
23.0   3.338623046875
24.0   1.4678955078125
