BTM.BSFHV01
-23.0   0.3753662109375
-22.0   0.57373046875
-21.0   0.0
-20.0   0.6927490234375
-19.0   0.054931640625
-18.0   0.0
-17.0   0.2838134765625
-16.0   0.1434326171875
-15.0   0.0
-14.0   0.6134033203125
-13.0   0.25634765625
-12.0   0.4791259765625
-11.0   0.360107421875
-10.0   0.506591796875
-9.0   0.665283203125
-8.0   0.7293701171875
-7.0   2.7191162109375
-6.0   5.218505859375
-5.0   11.724853515625
-4.0   30.0689697265625
-3.0   42.0562744140625
-2.0   21.148681640625
-1.0   7.7545166015625
0.0   4.327392578125
1.0   1.9073486328125
2.0   1.3641357421875
3.0   0.390625
4.0   0.5279541015625
5.0   0.0
6.0   0.0885009765625
7.0   0.0
8.0   0.1739501953125
9.0   0.128173828125
10.0   0.225830078125
11.0   0.6500244140625
12.0   0.2349853515625
13.0   0.6805419921875
14.0   0.347900390625
15.0   0.4150390625
16.0   0.0
17.0   0.47607421875
18.0   0.164794921875
19.0   0.225830078125
20.0   0.18310546875
21.0   0.0
22.0   0.0
23.0   0.4638671875
24.0   0.4119873046875
BTM.BSFHV02
-11.5   0.0
-11.0   0.0
-10.5   0.0
-10.0   0.0
-9.5   0.311279296875
-9.0   0.0
-8.5   0.0
-8.0   0.0
-7.5   0.0
-7.0   0.0
-6.5   0.0
-6.0   0.042724609375
-5.5   0.0
-5.0   0.0
-4.5   0.0
-4.0   0.0
-3.5   0.0
-3.0   0.0
-2.5   0.0
-2.0   0.054931640625
-1.5   0.0
-1.0   0.433349609375
-0.5   0.1495361328125
0.0   0.2960205078125
0.5   0.7049560546875
1.0   2.0751953125
1.5   4.45556640625
2.0   7.87353515625
2.5   14.3402099609375
3.0   34.1217041015625
3.5   59.9761962890625
4.0   55.4229736328125
4.5   26.934814453125
5.0   12.701416015625
5.5   6.5093994140625
6.0   4.0008544921875
6.5   2.47802734375
7.0   0.5340576171875
7.5   0.4791259765625
8.0   0.0
8.5   0.0
9.0   0.3082275390625
9.5   0.0
10.0   0.0
10.5   0.0
11.0   0.0
11.5   0.0
12.0   0.0
BTM.BSFHV03
-23.0   0.0
-22.0   0.830078125
-21.0   0.3875732421875
-20.0   0.0
-19.0   0.9674072265625
-18.0   1.129150390625
-17.0   0.0
-16.0   0.860595703125
-15.0   0.5645751953125
-14.0   0.0
-13.0   0.640869140625
-12.0   1.019287109375
-11.0   0.0
-10.0   1.01318359375
-9.0   0.9979248046875
-8.0   0.0885009765625
-7.0   1.2115478515625
-6.0   0.6622314453125
-5.0   0.0
-4.0   0.32958984375
-3.0   0.732421875
-2.0   0.9674072265625
-1.0   0.872802734375
0.0   0.0
1.0   0.958251953125
2.0   0.0
3.0   1.0345458984375
4.0   0.9521484375
5.0   0.238037109375
6.0   1.7791748046875
7.0   2.6519775390625
8.0   2.20947265625
9.0   4.9591064453125
10.0   8.8348388671875
11.0   14.4500732421875
12.0   18.7225341796875
13.0   12.6678466796875
14.0   5.255126953125
15.0   4.3060302734375
16.0   2.972412109375
17.0   0.74462890625
18.0   1.1199951171875
19.0   1.30615234375
20.0   0.0
21.0   0.7843017578125
22.0   0.91552734375
23.0   0.0
24.0   0.7537841796875
