BTM.BSFHV01
-23.0   0.360107421875
-22.0   0.5340576171875
-21.0   0.201416015625
-20.0   0.0701904296875
-19.0   0.3082275390625
-18.0   0.1922607421875
-17.0   0.4180908203125
-16.0   0.7232666015625
-15.0   0.439453125
-14.0   0.9765625
-13.0   1.1199951171875
-12.0   1.67236328125
-11.0   4.1656494140625
-10.0   9.1064453125
-9.0   24.69482421875
-8.0   45.91064453125
-7.0   30.8746337890625
-6.0   11.8499755859375
-5.0   5.2703857421875
-4.0   2.996826171875
-3.0   1.458740234375
-2.0   1.08642578125
-1.0   0.909423828125
0.0   0.4791259765625
1.0   0.7354736328125
2.0   0.4180908203125
3.0   0.3143310546875
4.0   0.7232666015625
5.0   0.1129150390625
6.0   0.531005859375
7.0   0.3814697265625
8.0   0.054931640625
9.0   0.0701904296875
10.0   0.67138671875
11.0   1.0162353515625
12.0   0.4241943359375
13.0   0.5828857421875
14.0   0.3570556640625
15.0   0.47607421875
16.0   0.445556640625
17.0   0.5462646484375
18.0   0.1434326171875
19.0   0.3662109375
20.0   0.6072998046875
21.0   0.1983642578125
22.0   0.20751953125
23.0   0.28076171875
24.0   0.0335693359375
BTM.BSFHV02
-11.5   0.0030517578125
-11.0   0.45166015625
-10.5   0.2288818359375
-10.0   0.1678466796875
-9.5   0.03662109375
-9.0   0.32958984375
-8.5   0.0030517578125
-8.0   0.4119873046875
-7.5   0.1251220703125
-7.0   0.592041015625
-6.5   0.8544921875
-6.0   1.7822265625
-5.5   2.386474609375
-5.0   4.6722412109375
-4.5   8.5601806640625
-4.0   16.1102294921875
-3.5   32.098388671875
-3.0   67.1905517578125
-2.5   62.7471923828125
-2.0   28.570556640625
-1.5   14.7003173828125
-1.0   7.708740234375
-0.5   4.2724609375
0.0   2.4169921875
0.5   1.4373779296875
1.0   0.665283203125
1.5   0.579833984375
2.0   0.2593994140625
2.5   0.1068115234375
3.0   0.2227783203125
3.5   0.2227783203125
4.0   0.25634765625
4.5   0.372314453125
5.0   0.0
5.5   0.0152587890625
6.0   0.5035400390625
6.5   0.335693359375
7.0   0.445556640625
7.5   0.0
8.0   0.091552734375
8.5   0.0732421875
9.0   0.3631591796875
9.5   0.2716064453125
10.0   0.177001953125
10.5   0.0
11.0   0.0
11.5   0.262451171875
12.0   0.0
BTM.BSFHV03
-23.0   0.0
-22.0   1.1444091796875
-21.0   0.8087158203125
-20.0   0.0
-19.0   0.67138671875
-18.0   0.7720947265625
-17.0   0.5615234375
-16.0   1.385498046875
-15.0   1.1077880859375
-14.0   0.0
-13.0   1.263427734375
-12.0   0.1434326171875
-11.0   0.0
-10.0   1.3824462890625
-9.0   0.9063720703125
-8.0   0.0
-7.0   1.226806640625
-6.0   1.2359619140625
-5.0   0.482177734375
-4.0   1.15966796875
-3.0   1.8310546875
-2.0   2.0233154296875
-1.0   2.593994140625
0.0   2.642822265625
1.0   5.7373046875
2.0   10.14404296875
3.0   19.903564453125
4.0   21.4385986328125
5.0   12.2894287109375
6.0   7.177734375
7.0   4.1778564453125
8.0   2.2705078125
9.0   2.294921875
10.0   1.1138916015625
11.0   0.0
12.0   1.67236328125
13.0   0.67138671875
14.0   0.0
15.0   1.03759765625
16.0   0.7659912109375
17.0   0.3082275390625
18.0   1.0711669921875
19.0   1.37939453125
20.0   0.0
21.0   0.732421875
22.0   1.0498046875
23.0   0.0
24.0   0.76904296875
