BTM.BSFHV01
-23.0   0.0
-22.0   0.0
-21.0   0.0
-20.0   0.0
-19.0   0.0
-18.0   0.0
-17.0   0.0
-16.0   0.103759765625
-15.0   0.0457763671875
-14.0   0.20751953125
-13.0   0.8331298828125
-12.0   2.2674560546875
-11.0   5.01708984375
-10.0   12.7532958984375
-9.0   36.80419921875
-8.0   55.322265625
-7.0   34.405517578125
-6.0   12.432861328125
-5.0   4.8126220703125
-4.0   2.6580810546875
-3.0   0.7659912109375
-2.0   0.0152587890625
-1.0   0.0
0.0   0.0
1.0   0.0
2.0   0.0
3.0   0.0
4.0   0.0
5.0   0.0
6.0   0.0
7.0   0.0
8.0   0.0
9.0   0.0
10.0   0.225830078125
11.0   0.0
12.0   0.0396728515625
13.0   0.0
14.0   0.0
15.0   0.0
16.0   0.0
17.0   0.0
18.0   0.0
19.0   0.0
20.0   0.0
21.0   0.0
22.0   0.0
23.0   0.0
24.0   0.0
BTM.BSFHV02
-11.5   0.0
-11.0   0.0
-10.5   0.0
-10.0   0.0
-9.5   0.0
-9.0   0.2410888671875
-8.5   0.0
-8.0   0.0
-7.5   0.152587890625
-7.0   0.3387451171875
-6.5   1.0955810546875
-6.0   2.984619140625
-5.5   4.547119140625
-5.0   9.1552734375
-4.5   16.7755126953125
-4.0   35.009765625
-3.5   70.8526611328125
-3.0   89.84375
-2.5   51.849365234375
-2.0   22.1771240234375
-1.5   12.60986328125
-1.0   6.48193359375
-0.5   3.3447265625
0.0   1.3946533203125
0.5   0.69580078125
1.0   0.0579833984375
1.5   0.13427734375
2.0   0.0
2.5   0.0
3.0   0.0
3.5   0.0
4.0   0.0
4.5   0.0244140625
5.0   0.0
5.5   0.0
6.0   0.0
6.5   0.0
7.0   0.0
7.5   0.2105712890625
8.0   0.408935546875
8.5   0.0
9.0   0.0
9.5   0.2593994140625
10.0   0.0
10.5   0.15869140625
11.0   0.0
11.5   0.0
12.0   0.0
BTM.BSFHV03
-23.0   0.0
-22.0   0.0
-21.0   0.0
-20.0   0.0
-19.0   0.0
-18.0   0.0
-17.0   0.0
-16.0   0.0
-15.0   0.0
-14.0   0.0
-13.0   0.0
-12.0   0.0
-11.0   0.0
-10.0   0.0
-9.0   0.0
-8.0   0.0
-7.0   0.0
-6.0   0.0
-5.0   0.0
-4.0   0.0
-3.0   0.2960205078125
-2.0   0.8331298828125
-1.0   1.6845703125
0.0   4.559326171875
1.0   7.4737548828125
2.0   18.060302734375
3.0   27.0599365234375
4.0   20.2239990234375
5.0   11.0870361328125
6.0   4.4952392578125
7.0   2.593994140625
8.0   1.605224609375
9.0   0.18310546875
10.0   0.0
11.0   0.0091552734375
12.0   0.0
13.0   0.0
14.0   0.0
15.0   0.0
16.0   0.0
17.0   0.1190185546875
18.0   0.0
19.0   0.0
20.0   0.0
21.0   0.0
22.0   0.0
23.0   0.0
24.0   0.0
