BTM.BSFHV01
-23.0   0.0
-22.0   0.0
-21.0   0.0
-20.0   0.0
-19.0   0.0
-18.0   0.0
-17.0   0.0
-16.0   0.0
-15.0   0.0
-14.0   0.0
-13.0   0.0
-12.0   0.0
-11.0   0.2349853515625
-10.0   0.726318359375
-9.0   2.84423828125
-8.0   6.18896484375
-7.0   14.691162109375
-6.0   25.67138671875
-5.0   26.593017578125
-4.0   16.070556640625
-3.0   7.23876953125
-2.0   3.30810546875
-1.0   1.0650634765625
0.0   0.1495361328125
1.0   0.0
2.0   0.0
3.0   0.0
4.0   0.0
5.0   0.0
6.0   0.0
7.0   0.0
8.0   0.067138671875
9.0   0.079345703125
10.0   0.3753662109375
11.0   0.115966796875
12.0   0.042724609375
13.0   0.0
14.0   0.0
15.0   0.0335693359375
16.0   0.2227783203125
17.0   0.0
18.0   0.604248046875
19.0   0.0
20.0   0.0579833984375
21.0   0.0
22.0   0.2349853515625
23.0   0.030517578125
24.0   0.0
BTM.BSFHV02
-11.5   0.0
-11.0   0.0
-10.5   0.0
-10.0   0.0
-9.5   0.0
-9.0   0.0
-8.5   0.01220703125
-8.0   0.054931640625
-7.5   0.2838134765625
-7.0   0.0
-6.5   0.6378173828125
-6.0   1.35498046875
-5.5   2.77099609375
-5.0   5.8013916015625
-4.5   17.352294921875
-4.0   35.516357421875
-3.5   63.22021484375
-3.0   46.1578369140625
-2.5   22.283935546875
-2.0   8.4625244140625
-1.5   3.5552978515625
-1.0   1.5106201171875
-0.5   1.1016845703125
0.0   0.8056640625
0.5   0.238037109375
1.0   0.0
1.5   0.0
2.0   0.177001953125
2.5   0.0
3.0   0.0
3.5   0.0
4.0   0.3204345703125
4.5   0.439453125
5.0   0.0
5.5   0.2593994140625
6.0   0.6866455078125
6.5   0.0
7.0   0.0
7.5   0.238037109375
8.0   0.9063720703125
8.5   0.537109375
9.0   0.3631591796875
9.5   0.72021484375
10.0   0.0
10.5   0.0
11.0   0.0
11.5   0.6195068359375
12.0   0.1129150390625
BTM.BSFHV03
-23.0   0.0
-22.0   0.396728515625
-21.0   0.3570556640625
-20.0   0.390625
-19.0   0.250244140625
-18.0   0.30517578125
-17.0   0.2716064453125
-16.0   0.1190185546875
-15.0   0.3692626953125
-14.0   0.213623046875
-13.0   0.0
-12.0   0.592041015625
-11.0   0.0
-10.0   0.0
-9.0   0.177001953125
-8.0   0.0
-7.0   0.286865234375
-6.0   0.15869140625
-5.0   0.030517578125
-4.0   0.1983642578125
-3.0   0.567626953125
-2.0   0.0457763671875
-1.0   0.03662109375
0.0   0.59814453125
1.0   0.3570556640625
2.0   0.2593994140625
3.0   0.2227783203125
4.0   0.81787109375
5.0   1.495361328125
6.0   4.6905517578125
7.0   12.0147705078125
8.0   21.6949462890625
9.0   19.68994140625
10.0   9.6038818359375
11.0   3.08837890625
12.0   1.0498046875
13.0   0.89111328125
14.0   0.1861572265625
15.0   0.2593994140625
16.0   0.2288818359375
17.0   0.32958984375
18.0   0.0
19.0   0.0
20.0   0.0
21.0   0.3631591796875
22.0   0.23193359375
23.0   0.15869140625
24.0   0.30517578125
