BTM.BSFHV01
-23.0   0.64697265625
-22.0   0.970458984375
-21.0   0.7232666015625
-20.0   0.830078125
-19.0   0.640869140625
-18.0   0.5096435546875
-17.0   0.62255859375
-16.0   0.9002685546875
-15.0   0.6378173828125
-14.0   0.9552001953125
-13.0   1.4312744140625
-12.0   1.8096923828125
-11.0   2.5360107421875
-10.0   5.4107666015625
-9.0   14.0380859375
-8.0   26.23291015625
-7.0   16.8731689453125
-6.0   7.03125
-5.0   3.326416015625
-4.0   2.11181640625
-3.0   1.458740234375
-2.0   1.2481689453125
-1.0   0.8575439453125
0.0   0.0
1.0   0.8758544921875
2.0   0.62255859375
3.0   0.86669921875
4.0   0.81787109375
5.0   0.81787109375
6.0   0.885009765625
7.0   0.5767822265625
8.0   0.3387451171875
9.0   0.8544921875
10.0   1.0345458984375
11.0   0.811767578125
12.0   0.7171630859375
13.0   0.57373046875
14.0   1.03759765625
15.0   1.1932373046875
16.0   0.8575439453125
17.0   1.0040283203125
18.0   0.6927490234375
19.0   0.689697265625
20.0   0.6011962890625
21.0   0.665283203125
22.0   1.092529296875
23.0   0.5523681640625
24.0   1.25732421875
BTM.BSFHV02
-11.5   0.0
-11.0   0.0
-10.5   0.0
-10.0   0.0
-9.5   0.47607421875
-9.0   0.079345703125
-8.5   0.225830078125
-8.0   0.08544921875
-7.5   0.439453125
-7.0   0.47607421875
-6.5   0.244140625
-6.0   0.958251953125
-5.5   1.8768310546875
-5.0   2.50244140625
-4.5   4.7607421875
-4.0   9.2559814453125
-3.5   18.27392578125
-3.0   39.678955078125
-2.5   36.181640625
-2.0   16.85791015625
-1.5   8.85009765625
-1.0   4.21142578125
-0.5   2.6519775390625
0.0   1.654052734375
0.5   0.714111328125
1.0   0.01220703125
1.5   0.262451171875
2.0   0.0
2.5   0.5950927734375
3.0   0.0
3.5   0.2410888671875
4.0   0.0030517578125
4.5   0.2777099609375
5.0   0.0640869140625
5.5   0.0
6.0   0.0
6.5   0.28076171875
7.0   0.35400390625
7.5   0.0
8.0   0.1556396484375
8.5   0.0
9.0   0.0
9.5   0.3509521484375
10.0   0.408935546875
10.5   0.1922607421875
11.0   0.0
11.5   0.439453125
12.0   0.0
BTM.BSFHV03
-23.0   0.01220703125
-22.0   1.3031005859375
-21.0   1.5625
-20.0   0.47607421875
-19.0   1.1962890625
-18.0   0.8575439453125
-17.0   0.0762939453125
-16.0   1.1627197265625
-15.0   1.45263671875
-14.0   0.52490234375
-13.0   0.8453369140625
-12.0   1.007080078125
-11.0   0.9246826171875
-10.0   1.4495849609375
-9.0   1.373291015625
-8.0   0.5157470703125
-7.0   1.153564453125
-6.0   0.89111328125
-5.0   0.6011962890625
-4.0   1.3641357421875
-3.0   1.641845703125
-2.0   1.8585205078125
-1.0   2.130126953125
0.0   1.8035888671875
1.0   3.8116455078125
2.0   6.2896728515625
3.0   12.0330810546875
4.0   12.8448486328125
5.0   7.9559326171875
6.0   4.6051025390625
7.0   3.082275390625
8.0   1.580810546875
9.0   1.6571044921875
10.0   1.3336181640625
11.0   0.714111328125
12.0   1.2725830078125
13.0   1.513671875
14.0   0.1007080078125
15.0   1.0345458984375
16.0   0.9033203125
17.0   0.5126953125
18.0   1.580810546875
19.0   0.762939453125
20.0   0.69580078125
21.0   1.2420654296875
22.0   1.57470703125
23.0   0.5340576171875
24.0   1.2603759765625
