BTM.BSFHV01
-23.0   0.0
-22.0   0.018310546875
-21.0   0.0
-20.0   0.390625
-19.0   0.1190185546875
-18.0   0.0
-17.0   0.28076171875
-16.0   0.59814453125
-15.0   0.311279296875
-14.0   0.7293701171875
-13.0   1.2939453125
-12.0   2.9541015625
-11.0   6.060791015625
-10.0   13.1866455078125
-9.0   36.376953125
-8.0   49.0509033203125
-7.0   33.7493896484375
-6.0   12.8448486328125
-5.0   5.9814453125
-4.0   2.960205078125
-3.0   1.5533447265625
-2.0   0.7476806640625
-1.0   0.128173828125
0.0   0.2410888671875
1.0   0.1922607421875
2.0   0.4638671875
3.0   0.0
4.0   0.909423828125
5.0   0.0
6.0   0.091552734375
7.0   0.0579833984375
8.0   0.3875732421875
9.0   0.054931640625
10.0   0.299072265625
11.0   0.732421875
12.0   0.0640869140625
13.0   0.2197265625
14.0   0.5950927734375
15.0   0.0
16.0   0.03662109375
17.0   0.7568359375
18.0   0.2105712890625
19.0   0.10986328125
20.0   0.146484375
21.0   0.0732421875
22.0   0.15869140625
23.0   0.2227783203125
24.0   0.3204345703125
BTM.BSFHV02
-11.5   0.0
-11.0   0.1251220703125
-10.5   0.1129150390625
-10.0   0.0
-9.5   0.0
-9.0   0.054931640625
-8.5   0.0
-8.0   0.0
-7.5   0.0
-7.0   0.1678466796875
-6.5   1.446533203125
-6.0   2.6763916015625
-5.5   4.6417236328125
-5.0   9.21630859375
-4.5   16.925048828125
-4.0   35.2752685546875
-3.5   58.7005615234375
-3.0   59.4268798828125
-2.5   51.6754150390625
-2.0   21.905517578125
-1.5   13.02490234375
-1.0   6.34765625
-0.5   3.13720703125
0.0   1.3702392578125
0.5   0.1983642578125
1.0   0.396728515625
1.5   0.0
2.0   0.1495361328125
2.5   0.08544921875
3.0   0.0
3.5   0.0
4.0   0.2166748046875
4.5   0.0
5.0   0.244140625
5.5   0.0
6.0   0.0
6.5   0.0701904296875
7.0   0.0
7.5   0.0
8.0   0.347900390625
8.5   0.0
9.0   0.0
9.5   0.0
10.0   0.0
10.5   0.0
11.0   0.06103515625
11.5   0.0
12.0   0.0
BTM.BSFHV03
-23.0   0.0
-22.0   0.0
-21.0   0.433349609375
-20.0   0.408935546875
-19.0   0.445556640625
-18.0   0.3814697265625
-17.0   0.0
-16.0   0.9857177734375
-15.0   0.25634765625
-14.0   0.189208984375
-13.0   0.3143310546875
-12.0   0.921630859375
-11.0   0.87890625
-10.0   0.238037109375
-9.0   0.0
-8.0   0.2655029296875
-7.0   0.213623046875
-6.0   0.0
-5.0   0.091552734375
-4.0   1.0650634765625
-3.0   0.98876953125
-2.0   2.2430419921875
-1.0   3.0303955078125
0.0   4.7393798828125
1.0   9.747314453125
2.0   19.952392578125
3.0   29.0802001953125
4.0   22.4822998046875
5.0   11.822509765625
6.0   6.2713623046875
7.0   3.8177490234375
8.0   2.2308349609375
9.0   1.6510009765625
10.0   1.5594482421875
11.0   0.4180908203125
12.0   0.128173828125
13.0   0.091552734375
14.0   0.5615234375
15.0   0.079345703125
16.0   0.457763671875
17.0   0.726318359375
18.0   0.08544921875
19.0   0.067138671875
20.0   0.0
21.0   0.714111328125
22.0   0.3997802734375
23.0   0.2288818359375
24.0   0.06103515625
