BTM.BSFHV01
-23.0   0.1708984375
-22.0   0.1312255859375
-21.0   0.494384765625
-20.0   0.0
-19.0   0.054931640625
-18.0   0.0
-17.0   0.0
-16.0   0.0
-15.0   0.42724609375
-14.0   0.396728515625
-13.0   0.9124755859375
-12.0   1.6937255859375
-11.0   3.25927734375
-10.0   7.733154296875
-9.0   21.2493896484375
-8.0   43.121337890625
-7.0   27.1148681640625
-6.0   9.89990234375
-5.0   4.2694091796875
-4.0   2.1697998046875
-3.0   1.0528564453125
-2.0   1.0009765625
-1.0   0.347900390625
0.0   0.8697509765625
1.0   0.0
2.0   0.0
3.0   0.3631591796875
4.0   0.299072265625
5.0   0.006103515625
6.0   0.0732421875
7.0   0.0
8.0   0.0030517578125
9.0   0.2166748046875
10.0   0.20751953125
11.0   0.5218505859375
12.0   0.079345703125
13.0   0.0
14.0   0.13427734375
15.0   0.40283203125
16.0   0.0
17.0   0.091552734375
18.0   0.4913330078125
19.0   0.1922607421875
20.0   0.2716064453125
21.0   0.0
22.0   0.4364013671875
23.0   0.0
24.0   0.0
BTM.BSFHV02
-11.5   0.0
-11.0   0.0
-10.5   0.0
-10.0   0.0
-9.5   0.5706787109375
-9.0   0.0
-8.5   0.0
-8.0   0.0152587890625
-7.5   0.2716064453125
-7.0   0.1708984375
-6.5   0.4425048828125
-6.0   1.4434814453125
-5.5   1.8096923828125
-5.0   3.436279296875
-4.5   7.1624755859375
-4.0   13.5894775390625
-3.5   28.3660888671875
-3.0   64.9200439453125
-2.5   54.583740234375
-2.0   25.2197265625
-1.5   12.750244140625
-1.0   6.0699462890625
-0.5   2.838134765625
0.0   1.641845703125
0.5   0.848388671875
1.0   0.40283203125
1.5   0.048828125
2.0   0.006103515625
2.5   0.0
3.0   0.0
3.5   0.0
4.0   0.0
4.5   0.0
5.0   0.0
5.5   0.0
6.0   0.0
6.5   0.0
7.0   0.0
7.5   0.0
8.0   0.103759765625
8.5   0.0
9.0   0.2044677734375
9.5   0.0
10.0   0.0
10.5   0.0
11.0   0.0
11.5   0.0
12.0   0.0
BTM.BSFHV03
-23.0   0.1007080078125
-22.0   0.0
-21.0   0.0
-20.0   0.42724609375
-19.0   0.1617431640625
-18.0   0.0
-17.0   0.0
-16.0   0.0
-15.0   0.0
-14.0   0.4119873046875
-13.0   0.0
-12.0   0.0396728515625
-11.0   0.0
-10.0   0.0
-9.0   0.0
-8.0   0.2899169921875
-7.0   0.0
-6.0   0.0
-5.0   0.3387451171875
-4.0   0.0
-3.0   0.0
-2.0   0.0518798828125
-1.0   0.933837890625
0.0   2.2430419921875
1.0   3.2012939453125
2.0   8.8409423828125
3.0   14.776611328125
4.0   17.1295166015625
5.0   10.0677490234375
6.0   4.50439453125
7.0   2.777099609375
8.0   1.2054443359375
9.0   0.3326416015625
10.0   0.3997802734375
11.0   0.225830078125
12.0   0.0
13.0   0.0
14.0   0.225830078125
15.0   0.1861572265625
16.0   0.0
17.0   0.2593994140625
18.0   0.0
19.0   0.0
20.0   0.0
21.0   0.1129150390625
22.0   0.0
23.0   0.0
24.0   0.0
