BTM.BSFHV01
-23.0   0.4547119140625
-22.0   0.6591796875
-21.0   0.3326416015625
-20.0   0.30517578125
-19.0   0.0579833984375
-18.0   0.0518798828125
-17.0   0.0701904296875
-16.0   0.0579833984375
-15.0   0.1495361328125
-14.0   0.6744384765625
-13.0   0.93994140625
-12.0   2.1270751953125
-11.0   3.9459228515625
-10.0   7.4951171875
-9.0   21.0235595703125
-8.0   42.2027587890625
-7.0   26.4129638671875
-6.0   10.24169921875
-5.0   4.840087890625
-4.0   2.0050048828125
-3.0   1.080322265625
-2.0   0.8209228515625
-1.0   0.421142578125
0.0   0.0
1.0   0.4547119140625
2.0   0.634765625
3.0   0.0946044921875
4.0   0.433349609375
5.0   0.0
6.0   0.628662109375
7.0   0.5157470703125
8.0   0.1739501953125
9.0   0.1556396484375
10.0   0.079345703125
11.0   0.7598876953125
12.0   0.25634765625
13.0   0.5706787109375
14.0   0.35400390625
15.0   0.0274658203125
16.0   0.4058837890625
17.0   0.1800537109375
18.0   0.15869140625
19.0   0.5523681640625
20.0   0.0
21.0   0.5157470703125
22.0   0.164794921875
23.0   0.048828125
24.0   0.8575439453125
BTM.BSFHV02
-11.5   0.0
-11.0   0.1739501953125
-10.5   0.0396728515625
-10.0   0.018310546875
-9.5   0.238037109375
-9.0   0.4150390625
-8.5   0.0
-8.0   0.2410888671875
-7.5   0.0091552734375
-7.0   0.0
-6.5   0.9979248046875
-6.0   1.8768310546875
-5.5   2.20947265625
-5.0   4.345703125
-4.5   7.70263671875
-4.0   13.9892578125
-3.5   29.132080078125
-3.0   62.9974365234375
-2.5   56.890869140625
-2.0   26.3946533203125
-1.5   13.104248046875
-1.0   6.915283203125
-0.5   4.06494140625
0.0   1.641845703125
0.5   1.580810546875
1.0   0.482177734375
1.5   0.567626953125
2.0   0.13427734375
2.5   0.0
3.0   0.15869140625
3.5   0.0
4.0   0.0
4.5   0.1220703125
5.0   0.0
5.5   0.0
6.0   0.2227783203125
6.5   0.1983642578125
7.0   0.0
7.5   0.0
8.0   0.3753662109375
8.5   0.0
9.0   0.537109375
9.5   0.0
10.0   0.0
10.5   0.213623046875
11.0   0.50048828125
11.5   0.0
12.0   0.2685546875
BTM.BSFHV03
-23.0   0.408935546875
-22.0   0.3265380859375
-21.0   0.006103515625
-20.0   0.0
-19.0   0.665283203125
-18.0   0.3021240234375
-17.0   0.0
-16.0   0.4486083984375
-15.0   0.0244140625
-14.0   0.40283203125
-13.0   0.15869140625
-12.0   0.4913330078125
-11.0   0.604248046875
-10.0   0.4669189453125
-9.0   0.1739501953125
-8.0   0.1220703125
-7.0   0.06103515625
-6.0   0.0
-5.0   0.32958984375
-4.0   0.2593994140625
-3.0   0.1068115234375
-2.0   0.482177734375
-1.0   1.0772705078125
0.0   2.8717041015625
1.0   4.473876953125
2.0   9.5489501953125
3.0   17.291259765625
4.0   18.5333251953125
5.0   11.2274169921875
6.0   5.4168701171875
7.0   3.5797119140625
8.0   1.91650390625
9.0   1.556396484375
10.0   0.6622314453125
11.0   0.628662109375
12.0   0.274658203125
13.0   0.4730224609375
14.0   0.42724609375
15.0   0.1312255859375
16.0   0.0
17.0   0.3753662109375
18.0   0.030517578125
19.0   0.4638671875
20.0   0.3082275390625
21.0   0.0
22.0   0.2349853515625
23.0   0.32958984375
24.0   0.0
