BTM.BSFHV01
-23.0   0.164794921875
-22.0   0.42724609375
-21.0   0.6683349609375
-20.0   0.35400390625
-19.0   0.408935546875
-18.0   0.0
-17.0   0.311279296875
-16.0   0.20751953125
-15.0   0.0
-14.0   0.3173828125
-13.0   0.006103515625
-12.0   0.6195068359375
-11.0   0.25634765625
-10.0   1.153564453125
-9.0   2.30712890625
-8.0   6.3385009765625
-7.0   13.5711669921875
-6.0   24.676513671875
-5.0   27.40478515625
-4.0   18.377685546875
-3.0   8.4503173828125
-2.0   3.33251953125
-1.0   1.806640625
0.0   0.8758544921875
1.0   0.213623046875
2.0   0.1373291015625
3.0   0.244140625
4.0   0.213623046875
5.0   0.20751953125
6.0   0.0762939453125
7.0   0.3265380859375
8.0   0.048828125
9.0   0.4730224609375
10.0   0.1312255859375
11.0   0.213623046875
12.0   0.128173828125
13.0   0.0701904296875
14.0   0.140380859375
15.0   0.0
16.0   0.1312255859375
17.0   0.28076171875
18.0   0.4974365234375
19.0   0.03662109375
20.0   0.0732421875
21.0   0.1495361328125
22.0   0.5889892578125
23.0   0.5706787109375
24.0   0.37841796875
BTM.BSFHV02
-11.5   0.1983642578125
-11.0   0.0
-10.5   0.152587890625
-10.0   0.0
-9.5   0.262451171875
-9.0   0.42724609375
-8.5   0.0
-8.0   0.079345703125
-7.5   0.57373046875
-7.0   0.0518798828125
-6.5   0.4608154296875
-6.0   0.79345703125
-5.5   2.252197265625
-5.0   4.04052734375
-4.5   12.6922607421875
-4.0   26.3885498046875
-3.5   56.8511962890625
-3.0   52.0263671875
-2.5   28.7261962890625
-2.0   10.60791015625
-1.5   5.17578125
-1.0   2.288818359375
-0.5   1.2298583984375
0.0   0.531005859375
0.5   0.3570556640625
1.0   0.3875732421875
1.5   0.408935546875
2.0   0.469970703125
2.5   0.390625
3.0   0.262451171875
3.5   0.0
4.0   0.164794921875
4.5   0.5828857421875
5.0   0.0
5.5   0.3173828125
6.0   0.3509521484375
6.5   0.5523681640625
7.0   0.1556396484375
7.5   0.0
8.0   0.4638671875
8.5   0.6072998046875
9.0   0.2685546875
9.5   0.15869140625
10.0   0.0274658203125
10.5   0.506591796875
11.0   0.0
11.5   0.8148193359375
12.0   0.396728515625
BTM.BSFHV03
-23.0   0.0
-22.0   0.4150390625
-21.0   0.3936767578125
-20.0   0.640869140625
-19.0   0.286865234375
-18.0   0.5340576171875
-17.0   0.0335693359375
-16.0   0.787353515625
-15.0   0.1983642578125
-14.0   0.25634765625
-13.0   0.1922607421875
-12.0   0.341796875
-11.0   0.18310546875
-10.0   0.6591796875
-9.0   0.3814697265625
-8.0   0.2044677734375
-7.0   0.823974609375
-6.0   0.4974365234375
-5.0   0.1922607421875
-4.0   0.0
-3.0   0.4425048828125
-2.0   0.3936767578125
-1.0   0.0396728515625
0.0   0.3173828125
1.0   0.604248046875
2.0   0.4302978515625
3.0   0.59814453125
4.0   0.592041015625
5.0   1.715087890625
6.0   3.765869140625
7.0   9.7137451171875
8.0   20.367431640625
9.0   20.599365234375
10.0   11.2548828125
11.0   4.0924072265625
12.0   0.9765625
13.0   1.458740234375
14.0   1.08642578125
15.0   1.2237548828125
16.0   0.213623046875
17.0   1.0162353515625
18.0   0.4974365234375
19.0   0.5462646484375
20.0   0.860595703125
21.0   0.714111328125
22.0   0.28076171875
23.0   0.6134033203125
24.0   0.45166015625
