BTM.BSFHV01
-23.0   0.7598876953125
-22.0   0.7568359375
-21.0   0.89111328125
-20.0   0.4852294921875
-19.0   0.738525390625
-18.0   0.439453125
-17.0   0.78125
-16.0   0.7415771484375
-15.0   0.6591796875
-14.0   0.8575439453125
-13.0   0.732421875
-12.0   1.0650634765625
-11.0   1.37939453125
-10.0   2.3101806640625
-9.0   4.644775390625
-8.0   9.9578857421875
-7.0   21.4569091796875
-6.0   37.51220703125
-5.0   39.337158203125
-4.0   26.251220703125
-3.0   12.5885009765625
-2.0   5.1727294921875
-1.0   2.6336669921875
0.0   1.2847900390625
1.0   0.2777099609375
2.0   0.3662109375
3.0   0.653076171875
4.0   1.1016845703125
5.0   0.628662109375
6.0   0.946044921875
7.0   0.689697265625
8.0   0.4669189453125
9.0   0.0
10.0   0.2166748046875
11.0   0.15869140625
12.0   0.2471923828125
13.0   0.213623046875
14.0   0.244140625
15.0   0.1129150390625
16.0   0.518798828125
17.0   0.4974365234375
18.0   0.738525390625
19.0   0.335693359375
20.0   0.4730224609375
21.0   0.2471923828125
22.0   0.1556396484375
23.0   0.6134033203125
24.0   0.47607421875
BTM.BSFHV02
-11.5   0.0
-11.0   0.0
-10.5   0.0
-10.0   0.0
-9.5   0.3753662109375
-9.0   0.0
-8.5   0.0
-8.0   0.006103515625
-7.5   0.8026123046875
-7.0   0.0
-6.5   0.830078125
-6.0   1.67236328125
-5.5   4.0679931640625
-5.0   7.4676513671875
-4.5   21.0174560546875
-4.0   42.0684814453125
-3.5   82.1258544921875
-3.0   69.7021484375
-2.5   36.7706298828125
-2.0   14.39208984375
-1.5   6.21337890625
-1.0   2.642822265625
-0.5   1.1505126953125
0.0   0.8636474609375
0.5   0.396728515625
1.0   0.2288818359375
1.5   0.3692626953125
2.0   0.0
2.5   0.0
3.0   0.0
3.5   0.286865234375
4.0   0.469970703125
4.5   0.103759765625
5.0   0.299072265625
5.5   0.0
6.0   0.0
6.5   0.2471923828125
7.0   0.0
7.5   0.35400390625
8.0   0.5218505859375
8.5   0.177001953125
9.0   0.164794921875
9.5   0.0
10.0   0.335693359375
10.5   0.213623046875
11.0   0.0
11.5   0.6072998046875
12.0   0.0
BTM.BSFHV03
-23.0   1.129150390625
-22.0   0.4302978515625
-21.0   0.921630859375
-20.0   0.042724609375
-19.0   0.1678466796875
-18.0   0.2655029296875
-17.0   0.0335693359375
-16.0   0.2593994140625
-15.0   0.78125
-14.0   0.0
-13.0   0.030517578125
-12.0   0.689697265625
-11.0   0.750732421875
-10.0   0.286865234375
-9.0   0.0
-8.0   0.3753662109375
-7.0   0.4669189453125
-6.0   0.0457763671875
-5.0   0.0701904296875
-4.0   0.1556396484375
-3.0   0.4974365234375
-2.0   0.0
-1.0   0.0
0.0   0.0
1.0   0.7843017578125
2.0   0.6103515625
3.0   0.244140625
4.0   0.52490234375
5.0   1.9256591796875
6.0   5.5419921875
7.0   15.350341796875
8.0   29.241943359375
9.0   28.2623291015625
10.0   11.602783203125
11.0   4.3182373046875
12.0   1.4892578125
13.0   1.1871337890625
14.0   0.42724609375
15.0   1.2939453125
16.0   0.0274658203125
17.0   0.47607421875
18.0   0.4302978515625
19.0   0.4913330078125
20.0   0.7080078125
21.0   0.1983642578125
22.0   0.89111328125
23.0   0.1953125
24.0   0.775146484375
