BTM.BSFHV01
-23.0   0.0
-22.0   0.1129150390625
-21.0   0.0
-20.0   0.0
-19.0   0.23193359375
-18.0   0.0
-17.0   0.3173828125
-16.0   0.0
-15.0   0.03662109375
-14.0   0.0152587890625
-13.0   0.103759765625
-12.0   0.50048828125
-11.0   0.7080078125
-10.0   1.416015625
-9.0   2.532958984375
-8.0   5.078125
-7.0   11.5814208984375
-6.0   20.648193359375
-5.0   22.3724365234375
-4.0   14.4775390625
-3.0   6.6619873046875
-2.0   2.642822265625
-1.0   1.08642578125
0.0   0.48828125
1.0   0.2716064453125
2.0   0.164794921875
3.0   0.0457763671875
4.0   0.286865234375
5.0   0.0
6.0   0.08544921875
7.0   0.0
8.0   0.2197265625
9.0   0.40283203125
10.0   0.1708984375
11.0   0.146484375
12.0   0.3387451171875
13.0   0.50048828125
14.0   0.262451171875
15.0   0.3173828125
16.0   0.213623046875
17.0   0.0701904296875
18.0   0.5706787109375
19.0   0.177001953125
20.0   0.7232666015625
21.0   0.1861572265625
22.0   0.396728515625
23.0   0.146484375
24.0   0.2349853515625
BTM.BSFHV02
-11.5   0.0
-11.0   0.1678466796875
-10.5   0.048828125
-10.0   0.0
-9.5   0.1190185546875
-9.0   0.2410888671875
-8.5   0.10986328125
-8.0   0.1373291015625
-7.5   0.7080078125
-7.0   0.5340576171875
-6.5   0.640869140625
-6.0   1.1505126953125
-5.5   2.1453857421875
-5.0   4.35791015625
-4.5   11.1663818359375
-4.0   22.0184326171875
-3.5   46.7315673828125
-3.0   41.4154052734375
-2.5   23.0255126953125
-2.0   8.740234375
-1.5   3.9398193359375
-1.0   1.7730712890625
-0.5   0.9765625
0.0   0.7293701171875
0.5   0.4638671875
1.0   0.2410888671875
1.5   0.2716064453125
2.0   0.6011962890625
2.5   0.3021240234375
3.0   0.311279296875
3.5   0.0
4.0   0.555419921875
4.5   0.3875732421875
5.0   0.274658203125
5.5   0.0335693359375
6.0   0.0
6.5   0.0
7.0   0.0
7.5   0.35400390625
8.0   0.0701904296875
8.5   0.396728515625
9.0   0.0
9.5   0.067138671875
10.0   0.0
10.5   0.0
11.0   0.0
11.5   0.0
12.0   0.4852294921875
BTM.BSFHV03
-23.0   0.7568359375
-22.0   0.0
-21.0   0.2166748046875
-20.0   0.0
-19.0   0.0
-18.0   0.0
-17.0   0.0
-16.0   0.0
-15.0   0.103759765625
-14.0   0.0
-13.0   0.0
-12.0   0.0
-11.0   0.0
-10.0   0.067138671875
-9.0   0.0518798828125
-8.0   0.067138671875
-7.0   0.0457763671875
-6.0   0.0
-5.0   0.0
-4.0   0.0
-3.0   0.0
-2.0   0.115966796875
-1.0   0.0
0.0   0.0
1.0   0.1068115234375
2.0   0.1922607421875
3.0   0.0
4.0   0.128173828125
5.0   1.434326171875
6.0   2.1087646484375
7.0   7.9742431640625
8.0   15.3228759765625
9.0   16.6473388671875
10.0   8.197021484375
11.0   3.057861328125
12.0   0.665283203125
13.0   0.79345703125
14.0   0.09765625
15.0   1.141357421875
16.0   0.482177734375
17.0   0.384521484375
18.0   0.6134033203125
19.0   0.0
20.0   0.0
21.0   0.2105712890625
22.0   0.396728515625
23.0   0.0396728515625
24.0   0.40283203125
