BTM.BSFHV01
-23.0   0.0
-22.0   0.0
-21.0   0.0
-20.0   0.0
-19.0   0.0
-18.0   0.0
-17.0   0.0
-16.0   0.0
-15.0   0.0
-14.0   0.0
-13.0   0.0
-12.0   0.0
-11.0   0.0213623046875
-10.0   0.439453125
-9.0   2.1636962890625
-8.0   6.4544677734375
-7.0   15.6768798828125
-6.0   27.63671875
-5.0   28.759765625
-4.0   18.3013916015625
-3.0   8.2122802734375
-2.0   2.9510498046875
-1.0   1.1322021484375
0.0   0.0
1.0   0.0
2.0   0.0
3.0   0.0
4.0   0.0
5.0   0.0
6.0   0.0
7.0   0.0
8.0   0.0
9.0   0.0
10.0   0.0
11.0   0.0
12.0   0.0
13.0   0.0
14.0   0.0
15.0   0.0
16.0   0.0
17.0   0.0
18.0   0.0
19.0   0.0
20.0   0.0
21.0   0.0
22.0   0.0
23.0   0.0
24.0   0.0
BTM.BSFHV02
-11.5   0.0
-11.0   0.0
-10.5   0.0
-10.0   0.0
-9.5   0.0
-9.0   0.0
-8.5   0.0
-8.0   0.0
-7.5   0.042724609375
-7.0   0.0
-6.5   0.64697265625
-6.0   0.7659912109375
-5.5   2.6824951171875
-5.0   5.6884765625
-4.5   16.8731689453125
-4.0   34.1949462890625
-3.5   66.0797119140625
-3.0   52.325439453125
-2.5   26.0162353515625
-2.0   9.3963623046875
-1.5   4.437255859375
-1.0   1.776123046875
-0.5   0.714111328125
0.0   0.140380859375
0.5   0.1953125
1.0   0.0
1.5   0.0
2.0   0.1495361328125
2.5   0.3753662109375
3.0   0.0
3.5   0.079345703125
4.0   0.1220703125
4.5   0.0
5.0   0.0
5.5   0.0
6.0   0.0
6.5   0.1861572265625
7.0   0.0
7.5   0.4730224609375
8.0   0.0
8.5   0.2685546875
9.0   0.01220703125
9.5   0.0946044921875
10.0   0.18310546875
10.5   0.0
11.0   0.1434326171875
11.5   0.2716064453125
12.0   0.006103515625
BTM.BSFHV03
-23.0   0.0
-22.0   1.06201171875
-21.0   0.62255859375
-20.0   0.2044677734375
-19.0   0.5645751953125
-18.0   0.64697265625
-17.0   0.4425048828125
-16.0   0.4486083984375
-15.0   0.9185791015625
-14.0   0.6072998046875
-13.0   0.4638671875
-12.0   0.225830078125
-11.0   0.7049560546875
-10.0   0.384521484375
-9.0   0.146484375
-8.0   0.8087158203125
-7.0   0.4913330078125
-6.0   0.4974365234375
-5.0   0.5035400390625
-4.0   0.2197265625
-3.0   0.0
-2.0   0.2410888671875
-1.0   0.4150390625
0.0   0.0
1.0   1.1383056640625
2.0   0.2532958984375
3.0   0.732421875
4.0   1.0162353515625
5.0   1.40380859375
6.0   4.4342041015625
7.0   13.079833984375
8.0   23.96240234375
9.0   22.5372314453125
10.0   9.393310546875
11.0   3.0181884765625
12.0   0.482177734375
13.0   0.4791259765625
14.0   0.29296875
15.0   0.6500244140625
16.0   0.01220703125
17.0   0.0
18.0   0.0
19.0   0.0
20.0   0.0457763671875
21.0   0.0885009765625
22.0   0.0
23.0   0.0
24.0   0.0
