BTM.BSFHV01
-23.0   0.0
-22.0   0.0
-21.0   0.0
-20.0   0.0
-19.0   0.0
-18.0   0.0
-17.0   0.0
-16.0   0.0
-15.0   0.0
-14.0   0.0
-13.0   0.0
-12.0   0.0
-11.0   0.0
-10.0   0.3936767578125
-9.0   2.203369140625
-8.0   6.21337890625
-7.0   15.5029296875
-6.0   27.6947021484375
-5.0   30.6671142578125
-4.0   20.5322265625
-3.0   9.1766357421875
-2.0   3.1890869140625
-1.0   1.153564453125
0.0   0.0
1.0   0.0
2.0   0.0
3.0   0.0
4.0   0.0
5.0   0.0
6.0   0.0
7.0   0.0
8.0   0.0
9.0   0.0
10.0   0.0
11.0   0.0
12.0   0.0
13.0   0.0
14.0   0.0
15.0   0.0
16.0   0.0
17.0   0.0
18.0   0.0
19.0   0.0
20.0   0.0
21.0   0.0
22.0   0.0
23.0   0.0
24.0   0.0946044921875
BTM.BSFHV02
-11.5   0.0
-11.0   0.0
-10.5   0.0
-10.0   0.0
-9.5   0.0
-9.0   0.0
-8.5   0.0
-8.0   0.0
-7.5   0.2532958984375
-7.0   0.0
-6.5   0.0732421875
-6.0   0.8544921875
-5.5   2.520751953125
-5.0   4.7515869140625
-4.5   14.532470703125
-4.0   31.34765625
-3.5   66.2200927734375
-3.0   58.6639404296875
-2.5   31.591796875
-2.0   11.627197265625
-1.5   5.3070068359375
-1.0   2.1270751953125
-0.5   1.0009765625
0.0   0.2227783203125
0.5   0.0
1.0   0.0
1.5   0.2166748046875
2.0   0.08544921875
2.5   0.091552734375
3.0   0.0
3.5   0.0
4.0   0.0
4.5   0.0
5.0   0.0
5.5   0.0
6.0   0.0
6.5   0.0030517578125
7.0   0.0
7.5   0.0
8.0   0.0
8.5   0.09765625
9.0   0.0
9.5   0.0030517578125
10.0   0.054931640625
10.5   0.0457763671875
11.0   0.0
11.5   0.0
12.0   0.0
BTM.BSFHV03
-23.0   0.0
-22.0   0.445556640625
-21.0   0.3021240234375
-20.0   0.567626953125
-19.0   0.0
-18.0   0.0
-17.0   0.5035400390625
-16.0   0.250244140625
-15.0   0.0
-14.0   0.68359375
-13.0   0.4425048828125
-12.0   0.0
-11.0   0.0885009765625
-10.0   0.0
-9.0   0.1495361328125
-8.0   0.2593994140625
-7.0   0.054931640625
-6.0   0.0
-5.0   0.213623046875
-4.0   0.0
-3.0   0.28076171875
-2.0   0.2105712890625
-1.0   0.054931640625
0.0   0.0274658203125
1.0   0.5462646484375
2.0   0.1129150390625
3.0   0.506591796875
4.0   0.7537841796875
5.0   2.0965576171875
6.0   4.412841796875
7.0   12.640380859375
8.0   24.444580078125
9.0   23.8067626953125
10.0   11.6180419921875
11.0   3.28369140625
12.0   0.628662109375
13.0   0.1373291015625
14.0   0.47607421875
15.0   0.0
16.0   0.0
17.0   0.0
18.0   0.0
19.0   0.0
20.0   0.0
21.0   0.0
22.0   0.0
23.0   0.0
24.0   0.0091552734375
