BTM.BSFHV01
-23.0   0.0
-22.0   0.0
-21.0   0.0
-20.0   0.0
-19.0   0.0
-18.0   0.0
-17.0   0.0
-16.0   0.0
-15.0   0.0
-14.0   0.0
-13.0   0.0946044921875
-12.0   1.4404296875
-11.0   3.03955078125
-10.0   8.1451416015625
-9.0   24.1668701171875
-8.0   45.501708984375
-7.0   29.55322265625
-6.0   10.2325439453125
-5.0   3.692626953125
-4.0   1.8829345703125
-3.0   0.86669921875
-2.0   0.1922607421875
-1.0   0.0
0.0   0.360107421875
1.0   0.0
2.0   0.0
3.0   0.0
4.0   0.0
5.0   0.0
6.0   0.0
7.0   0.0
8.0   0.0
9.0   0.0
10.0   0.0
11.0   0.0
12.0   0.0
13.0   0.0
14.0   0.0
15.0   0.0
16.0   0.0
17.0   0.0
18.0   0.0
19.0   0.0
20.0   0.0
21.0   0.0
22.0   0.0
23.0   0.0
24.0   0.0
BTM.BSFHV02
-11.5   0.0
-11.0   0.0
-10.5   0.0
-10.0   0.0
-9.5   0.0
-9.0   0.0
-8.5   0.0
-8.0   0.0
-7.5   0.213623046875
-7.0   0.0
-6.5   1.0162353515625
-6.0   1.6845703125
-5.5   2.239990234375
-5.0   3.741455078125
-4.5   7.9254150390625
-4.0   15.4632568359375
-3.5   33.9385986328125
-3.0   69.781494140625
-2.5   61.2457275390625
-2.0   28.6895751953125
-1.5   13.8946533203125
-1.0   6.9671630859375
-0.5   3.6651611328125
0.0   1.4251708984375
0.5   0.714111328125
1.0   0.0
1.5   0.0
2.0   0.274658203125
2.5   0.0
3.0   0.0
3.5   0.0
4.0   0.0
4.5   0.0
5.0   0.2288818359375
5.5   0.0
6.0   0.0
6.5   0.1922607421875
7.0   0.0
7.5   0.0
8.0   0.0
8.5   0.0
9.0   0.2410888671875
9.5   0.0
10.0   0.0
10.5   0.347900390625
11.0   0.1678466796875
11.5   0.0
12.0   0.0
BTM.BSFHV03
-23.0   0.0
-22.0   0.0
-21.0   0.0
-20.0   0.0
-19.0   0.0640869140625
-18.0   0.0946044921875
-17.0   0.0
-16.0   0.4547119140625
-15.0   0.0
-14.0   0.0
-13.0   0.469970703125
-12.0   0.0
-11.0   0.0
-10.0   0.0885009765625
-9.0   0.0
-8.0   0.0
-7.0   0.45166015625
-6.0   0.0823974609375
-5.0   0.0
-4.0   0.0
-3.0   0.3448486328125
-2.0   1.0009765625
-1.0   1.5380859375
0.0   2.2308349609375
1.0   4.6875
2.0   10.2447509765625
3.0   19.04296875
4.0   20.1385498046875
5.0   11.309814453125
6.0   5.9661865234375
7.0   3.2989501953125
8.0   1.6357421875
9.0   1.06201171875
10.0   1.0711669921875
11.0   0.384521484375
12.0   0.3387451171875
13.0   0.1251220703125
14.0   0.0
15.0   0.0457763671875
16.0   0.40283203125
17.0   0.0
18.0   0.15869140625
19.0   0.1373291015625
20.0   0.0
21.0   0.0
22.0   0.0
23.0   0.0
24.0   0.2349853515625
