BTM.BSFHV01
-23.0   0.1953125
-22.0   0.604248046875
-21.0   0.0
-20.0   0.0
-19.0   0.3753662109375
-18.0   0.0
-17.0   0.152587890625
-16.0   0.2960205078125
-15.0   0.054931640625
-14.0   0.0701904296875
-13.0   0.0
-12.0   0.2044677734375
-11.0   0.1312255859375
-10.0   0.994873046875
-9.0   2.6123046875
-8.0   7.8094482421875
-7.0   17.938232421875
-6.0   32.7667236328125
-5.0   35.101318359375
-4.0   22.735595703125
-3.0   10.107421875
-2.0   4.058837890625
-1.0   1.5777587890625
0.0   0.5950927734375
1.0   0.5645751953125
2.0   0.6988525390625
3.0   0.23193359375
4.0   0.6103515625
5.0   0.4547119140625
6.0   0.5859375
7.0   0.0
8.0   0.164794921875
9.0   0.3082275390625
10.0   0.6591796875
11.0   0.323486328125
12.0   0.146484375
13.0   0.3692626953125
14.0   0.0701904296875
15.0   0.0244140625
16.0   0.079345703125
17.0   0.4669189453125
18.0   0.4669189453125
19.0   0.6103515625
20.0   0.0274658203125
21.0   0.238037109375
22.0   0.0823974609375
23.0   0.0
24.0   0.0701904296875
BTM.BSFHV02
-11.5   0.482177734375
-11.0   0.0
-10.5   0.0
-10.0   0.0
-9.5   0.0
-9.0   0.0
-8.5   0.2349853515625
-8.0   0.0213623046875
-7.5   0.3662109375
-7.0   0.677490234375
-6.5   0.6072998046875
-6.0   1.01318359375
-5.5   2.5848388671875
-5.0   5.6549072265625
-4.5   17.645263671875
-4.0   35.7208251953125
-3.5   72.296142578125
-3.0   61.80419921875
-2.5   32.26318359375
-2.0   11.02294921875
-1.5   4.5318603515625
-1.0   1.678466796875
-0.5   1.2847900390625
0.0   0.2349853515625
0.5   0.3326416015625
1.0   0.06103515625
1.5   0.2960205078125
2.0   0.439453125
2.5   0.35400390625
3.0   0.146484375
3.5   0.1861572265625
4.0   0.1708984375
4.5   0.0
5.0   0.506591796875
5.5   0.6256103515625
6.0   0.64697265625
6.5   0.616455078125
7.0   0.5889892578125
7.5   0.5126953125
8.0   0.9368896484375
8.5   0.6622314453125
9.0   0.5950927734375
9.5   0.567626953125
10.0   1.0040283203125
10.5   0.78125
11.0   0.47607421875
11.5   0.8453369140625
12.0   0.396728515625
BTM.BSFHV03
-23.0   0.0
-22.0   0.152587890625
-21.0   0.653076171875
-20.0   0.3662109375
-19.0   0.0213623046875
-18.0   0.13427734375
-17.0   0.6072998046875
-16.0   0.50048828125
-15.0   0.6591796875
-14.0   0.823974609375
-13.0   0.1312255859375
-12.0   0.0
-11.0   0.494384765625
-10.0   0.0
-9.0   0.54931640625
-8.0   0.0
-7.0   1.0284423828125
-6.0   0.006103515625
-5.0   0.726318359375
-4.0   0.4180908203125
-3.0   0.567626953125
-2.0   0.52490234375
-1.0   0.384521484375
0.0   0.13427734375
1.0   1.03759765625
2.0   0.84228515625
3.0   0.64697265625
4.0   1.239013671875
5.0   1.953125
6.0   5.28564453125
7.0   13.5986328125
8.0   26.422119140625
9.0   26.068115234375
10.0   12.4420166015625
11.0   3.961181640625
12.0   1.46484375
13.0   1.2786865234375
14.0   0.2288818359375
15.0   0.64697265625
16.0   0.40283203125
17.0   0.1556396484375
18.0   0.2288818359375
19.0   0.2471923828125
20.0   0.335693359375
21.0   0.0213623046875
22.0   0.5645751953125
23.0   0.5523681640625
24.0   0.347900390625
