BTM.BSFHV01
-23.0   0.08544921875
-22.0   0.0152587890625
-21.0   0.0
-20.0   0.0
-19.0   0.0213623046875
-18.0   0.0
-17.0   0.08544921875
-16.0   0.146484375
-15.0   0.0
-14.0   0.0
-13.0   0.0
-12.0   0.274658203125
-11.0   0.2105712890625
-10.0   1.5106201171875
-9.0   3.472900390625
-8.0   8.184814453125
-7.0   18.603515625
-6.0   32.220458984375
-5.0   32.470703125
-4.0   19.8211669921875
-3.0   8.85009765625
-2.0   3.936767578125
-1.0   1.2786865234375
0.0   0.2716064453125
1.0   0.37841796875
2.0   0.32958984375
3.0   0.3509521484375
4.0   0.152587890625
5.0   0.5828857421875
6.0   0.6103515625
7.0   0.2288818359375
8.0   0.079345703125
9.0   0.0
10.0   0.0
11.0   0.0
12.0   0.0
13.0   0.0
14.0   0.0
15.0   0.0
16.0   0.0
17.0   0.048828125
18.0   0.0
19.0   0.0
20.0   0.0
21.0   0.0
22.0   0.0
23.0   0.0
24.0   0.0
BTM.BSFHV02
-11.5   0.0
-11.0   0.0
-10.5   0.0
-10.0   0.0
-9.5   0.0
-9.0   0.0030517578125
-8.5   0.0
-8.0   0.0
-7.5   0.13427734375
-7.0   0.1007080078125
-6.5   0.7232666015625
-6.0   1.2298583984375
-5.5   3.18603515625
-5.0   6.1553955078125
-4.5   20.4681396484375
-4.0   41.607666015625
-3.5   76.62353515625
-3.0   58.1207275390625
-2.5   27.276611328125
-2.0   9.89990234375
-1.5   4.052734375
-1.0   2.1148681640625
-0.5   0.8148193359375
0.0   0.762939453125
0.5   0.146484375
1.0   0.0823974609375
1.5   0.01220703125
2.0   0.0
2.5   0.146484375
3.0   0.0
3.5   0.0
4.0   0.091552734375
4.5   0.0
5.0   0.0
5.5   0.1434326171875
6.0   0.0
6.5   0.2471923828125
7.0   0.0
7.5   0.0
8.0   0.0
8.5   0.0
9.0   0.042724609375
9.5   0.250244140625
10.0   0.0
10.5   0.0
11.0   0.018310546875
11.5   0.0
12.0   0.4547119140625
BTM.BSFHV03
-23.0   0.0
-22.0   0.8148193359375
-21.0   0.897216796875
-20.0   0.0762939453125
-19.0   0.0
-18.0   0.0
-17.0   0.3143310546875
-16.0   0.8758544921875
-15.0   0.23193359375
-14.0   0.2960205078125
-13.0   0.86669921875
-12.0   0.2471923828125
-11.0   0.4302978515625
-10.0   0.6317138671875
-9.0   0.6866455078125
-8.0   0.6866455078125
-7.0   0.23193359375
-6.0   0.360107421875
-5.0   0.7080078125
-4.0   0.9033203125
-3.0   0.9979248046875
-2.0   0.274658203125
-1.0   0.4791259765625
0.0   0.408935546875
1.0   0.762939453125
2.0   0.6500244140625
3.0   1.055908203125
4.0   1.641845703125
5.0   2.4139404296875
6.0   5.5694580078125
7.0   14.276123046875
8.0   26.995849609375
9.0   25.5157470703125
10.0   11.4288330078125
11.0   3.4454345703125
12.0   0.653076171875
13.0   0.5035400390625
14.0   0.0762939453125
15.0   0.213623046875
16.0   0.152587890625
17.0   0.0
18.0   0.0
19.0   0.06103515625
20.0   0.0
21.0   0.0
22.0   0.0
23.0   0.128173828125
24.0   0.274658203125
