BTM.BSFHV01
-23.0   0.50048828125
-22.0   0.2777099609375
-21.0   0.37841796875
-20.0   0.5218505859375
-19.0   0.62255859375
-18.0   0.347900390625
-17.0   0.6378173828125
-16.0   0.47607421875
-15.0   0.3631591796875
-14.0   0.567626953125
-13.0   1.3153076171875
-12.0   1.9012451171875
-11.0   3.55224609375
-10.0   7.177734375
-9.0   19.952392578125
-8.0   39.569091796875
-7.0   24.8199462890625
-6.0   9.6466064453125
-5.0   4.449462890625
-4.0   1.8310546875
-3.0   1.4404296875
-2.0   0.7080078125
-1.0   0.4608154296875
0.0   0.0
1.0   0.311279296875
2.0   0.457763671875
3.0   0.2655029296875
4.0   0.9307861328125
5.0   0.28076171875
6.0   0.1556396484375
7.0   0.555419921875
8.0   0.4486083984375
9.0   0.506591796875
10.0   0.579833984375
11.0   0.79345703125
12.0   0.3143310546875
13.0   0.6439208984375
14.0   0.604248046875
15.0   0.25634765625
16.0   0.3936767578125
17.0   0.6011962890625
18.0   0.2716064453125
19.0   0.6103515625
20.0   0.48828125
21.0   0.3448486328125
22.0   0.531005859375
23.0   0.830078125
24.0   0.8575439453125
BTM.BSFHV02
-11.5   0.0
-11.0   0.1983642578125
-10.5   0.3326416015625
-10.0   0.0
-9.5   0.250244140625
-9.0   0.86669921875
-8.5   0.0
-8.0   0.4791259765625
-7.5   0.3662109375
-7.0   0.0
-6.5   1.23291015625
-6.0   1.5625
-5.5   1.7669677734375
-5.0   3.7109375
-4.5   6.622314453125
-4.0   12.8631591796875
-3.5   27.5360107421875
-3.0   60.6597900390625
-2.5   51.59912109375
-2.0   23.419189453125
-1.5   12.103271484375
-1.0   6.6497802734375
-0.5   3.38134765625
0.0   1.69677734375
0.5   1.275634765625
1.0   0.177001953125
1.5   0.64697265625
2.0   0.732421875
2.5   0.0
3.0   0.1068115234375
3.5   0.0
4.0   0.0
4.5   0.0
5.0   0.0
5.5   0.0
6.0   0.286865234375
6.5   0.5828857421875
7.0   0.262451171875
7.5   0.1312255859375
8.0   0.0213623046875
8.5   0.0
9.0   0.4150390625
9.5   0.457763671875
10.0   0.0
10.5   0.0
11.0   0.5096435546875
11.5   0.2410888671875
12.0   0.067138671875
BTM.BSFHV03
-23.0   0.0
-22.0   0.0
-21.0   0.0
-20.0   0.0
-19.0   0.042724609375
-18.0   0.146484375
-17.0   0.0
-16.0   0.29296875
-15.0   0.0457763671875
-14.0   0.3448486328125
-13.0   0.68359375
-12.0   0.433349609375
-11.0   0.0640869140625
-10.0   0.1953125
-9.0   0.0
-8.0   0.0
-7.0   0.347900390625
-6.0   0.579833984375
-5.0   0.396728515625
-4.0   0.0
-3.0   0.0
-2.0   0.897216796875
-1.0   1.373291015625
0.0   2.3406982421875
1.0   3.3660888671875
2.0   8.428955078125
3.0   15.2801513671875
4.0   17.193603515625
5.0   11.1785888671875
6.0   4.4403076171875
7.0   2.2216796875
8.0   1.9287109375
9.0   0.5828857421875
10.0   0.7598876953125
11.0   0.29296875
12.0   0.1220703125
13.0   0.8392333984375
14.0   0.0
15.0   0.0
16.0   0.347900390625
17.0   0.0
18.0   0.0
19.0   0.1617431640625
20.0   0.3997802734375
21.0   0.13427734375
22.0   0.341796875
23.0   0.0
24.0   0.3021240234375
