BTM.BSFHV01
-23.0   0.0
-22.0   0.0
-21.0   0.0
-20.0   0.2532958984375
-19.0   0.0
-18.0   0.0
-17.0   0.0
-16.0   0.0
-15.0   0.0
-14.0   0.1068115234375
-13.0   0.7354736328125
-12.0   1.2176513671875
-11.0   3.790283203125
-10.0   7.7484130859375
-9.0   23.858642578125
-8.0   40.972900390625
-7.0   22.0947265625
-6.0   8.02001953125
-5.0   3.4698486328125
-4.0   1.9744873046875
-3.0   0.7080078125
-2.0   0.177001953125
-1.0   0.0
0.0   0.360107421875
1.0   0.0
2.0   0.0
3.0   0.0
4.0   0.128173828125
5.0   0.0
6.0   0.0
7.0   0.0
8.0   0.0
9.0   0.0
10.0   0.0
11.0   0.48828125
12.0   0.1190185546875
13.0   0.2197265625
14.0   0.0
15.0   0.0
16.0   0.0
17.0   0.0
18.0   0.0
19.0   0.140380859375
20.0   0.0
21.0   0.0
22.0   0.0
23.0   0.0
24.0   0.28076171875
BTM.BSFHV02
-11.5   0.0
-11.0   0.0
-10.5   0.0
-10.0   0.0
-9.5   0.0
-9.0   0.0
-8.5   0.0
-8.0   0.0
-7.5   0.146484375
-7.0   0.1800537109375
-6.5   0.2288818359375
-6.0   1.727294921875
-5.5   2.77099609375
-5.0   4.8248291015625
-4.5   9.930419921875
-4.0   22.6837158203125
-3.5   47.100830078125
-3.0   61.614990234375
-2.5   34.722900390625
-2.0   13.68408203125
-1.5   7.5927734375
-1.0   3.9794921875
-0.5   1.1993408203125
0.0   0.50048828125
0.5   1.0467529296875
1.0   0.042724609375
1.5   0.1617431640625
2.0   0.0
2.5   0.0
3.0   0.0
3.5   0.0
4.0   0.0
4.5   0.0
5.0   0.0
5.5   0.0
6.0   0.0
6.5   0.0
7.0   0.0
7.5   0.0
8.0   0.0
8.5   0.0
9.0   0.0
9.5   0.0
10.0   0.0
10.5   0.0
11.0   0.0
11.5   0.140380859375
12.0   0.0
BTM.BSFHV03
-23.0   0.0
-22.0   0.25634765625
-21.0   0.0
-20.0   0.0
-19.0   0.0762939453125
-18.0   0.0
-17.0   0.0
-16.0   0.567626953125
-15.0   0.0
-14.0   0.0
-13.0   0.0
-12.0   0.2197265625
-11.0   0.0
-10.0   0.2166748046875
-9.0   0.6500244140625
-8.0   0.0
-7.0   0.067138671875
-6.0   0.726318359375
-5.0   0.0
-4.0   0.4425048828125
-3.0   0.72021484375
-2.0   1.6632080078125
-1.0   1.9805908203125
0.0   2.5543212890625
1.0   5.889892578125
2.0   12.3291015625
3.0   19.8699951171875
4.0   14.9993896484375
5.0   6.817626953125
6.0   3.9306640625
7.0   1.6357421875
8.0   0.9674072265625
9.0   1.0772705078125
10.0   0.4058837890625
11.0   0.0
12.0   0.213623046875
13.0   0.0
14.0   0.1861572265625
15.0   0.0
16.0   0.0
17.0   0.0
18.0   0.0152587890625
19.0   0.0
20.0   0.0
21.0   0.189208984375
22.0   0.0
23.0   0.0
24.0   0.0
