BTM.BSFHV01
-23.0   0.7568359375
-22.0   0.28076171875
-21.0   0.7537841796875
-20.0   0.396728515625
-19.0   0.8331298828125
-18.0   0.2838134765625
-17.0   0.5615234375
-16.0   0.6195068359375
-15.0   0.4547119140625
-14.0   0.1739501953125
-13.0   0.6805419921875
-12.0   0.81787109375
-11.0   0.5615234375
-10.0   1.6937255859375
-9.0   3.436279296875
-8.0   8.02001953125
-7.0   18.0938720703125
-6.0   30.926513671875
-5.0   33.270263671875
-4.0   22.369384765625
-3.0   10.6781005859375
-2.0   4.58984375
-1.0   2.276611328125
0.0   1.57470703125
1.0   0.68359375
2.0   0.323486328125
3.0   0.5889892578125
4.0   0.5889892578125
5.0   0.5218505859375
6.0   0.6134033203125
7.0   0.2349853515625
8.0   0.9490966796875
9.0   0.5157470703125
10.0   1.0711669921875
11.0   0.5126953125
12.0   0.45166015625
13.0   0.732421875
14.0   0.640869140625
15.0   0.3173828125
16.0   0.8087158203125
17.0   0.8880615234375
18.0   0.762939453125
19.0   0.616455078125
20.0   0.3265380859375
21.0   0.76904296875
22.0   0.439453125
23.0   0.6134033203125
24.0   0.6134033203125
BTM.BSFHV02
-11.5   0.0
-11.0   0.0
-10.5   0.0
-10.0   0.0
-9.5   0.0
-9.0   0.0396728515625
-8.5   0.0
-8.0   0.238037109375
-7.5   0.128173828125
-7.0   0.4974365234375
-6.5   0.3143310546875
-6.0   1.5899658203125
-5.5   3.1280517578125
-5.0   5.37109375
-4.5   15.7745361328125
-4.0   32.5897216796875
-3.5   66.0919189453125
-3.0   57.1075439453125
-2.5   31.1767578125
-2.0   11.65771484375
-1.5   4.6142578125
-1.0   2.374267578125
-0.5   1.043701171875
0.0   0.52490234375
0.5   0.3814697265625
1.0   0.0274658203125
1.5   0.0091552734375
2.0   0.079345703125
2.5   0.0
3.0   0.0
3.5   0.0
4.0   0.6378173828125
4.5   0.0
5.0   0.103759765625
5.5   0.0
6.0   0.079345703125
6.5   0.0
7.0   0.2197265625
7.5   0.6500244140625
8.0   0.3173828125
8.5   0.13427734375
9.0   0.2685546875
9.5   0.2685546875
10.0   0.103759765625
10.5   0.1068115234375
11.0   0.08544921875
11.5   0.299072265625
12.0   0.0
BTM.BSFHV03
-23.0   0.0
-22.0   0.421142578125
-21.0   0.0
-20.0   0.2685546875
-19.0   0.1190185546875
-18.0   0.0
-17.0   0.0
-16.0   0.6134033203125
-15.0   0.146484375
-14.0   0.3265380859375
-13.0   0.0
-12.0   0.0
-11.0   0.0762939453125
-10.0   0.0
-9.0   0.5828857421875
-8.0   0.0
-7.0   0.7293701171875
-6.0   0.0
-5.0   0.0701904296875
-4.0   0.42724609375
-3.0   0.0
-2.0   0.3021240234375
-1.0   0.0
0.0   0.1953125
1.0   0.2960205078125
2.0   0.0
3.0   0.2593994140625
4.0   0.750732421875
5.0   2.0172119140625
6.0   4.254150390625
7.0   12.4420166015625
8.0   24.5513916015625
9.0   24.4110107421875
10.0   12.2833251953125
11.0   4.4830322265625
12.0   0.927734375
13.0   0.2532958984375
14.0   0.2593994140625
15.0   0.0
16.0   0.0
17.0   0.244140625
18.0   0.0
19.0   0.2960205078125
20.0   0.2471923828125
21.0   0.0
22.0   0.29296875
23.0   0.0
24.0   0.0
