BTM.BSFHV01
-23.0   0.213623046875
-22.0   0.96435546875
-21.0   0.23193359375
-20.0   0.57373046875
-19.0   0.714111328125
-18.0   0.45166015625
-17.0   0.848388671875
-16.0   0.848388671875
-15.0   0.78125
-14.0   0.4547119140625
-13.0   1.37939453125
-12.0   2.5115966796875
-11.0   4.2022705078125
-10.0   10.16845703125
-9.0   27.532958984375
-8.0   51.86767578125
-7.0   35.1318359375
-6.0   13.2965087890625
-5.0   5.731201171875
-4.0   3.1768798828125
-3.0   1.446533203125
-2.0   1.239013671875
-1.0   0.689697265625
0.0   0.0
1.0   0.4302978515625
2.0   0.30517578125
3.0   1.1138916015625
4.0   0.848388671875
5.0   0.030517578125
6.0   0.7904052734375
7.0   0.8209228515625
8.0   0.714111328125
9.0   0.7781982421875
10.0   0.5279541015625
11.0   1.0498046875
12.0   0.7232666015625
13.0   0.775146484375
14.0   0.4730224609375
15.0   0.8392333984375
16.0   0.59814453125
17.0   0.6256103515625
18.0   0.5340576171875
19.0   1.202392578125
20.0   0.0
21.0   0.5859375
22.0   0.8880615234375
23.0   0.360107421875
24.0   0.482177734375
BTM.BSFHV02
-11.5   0.0
-11.0   0.0
-10.5   0.0
-10.0   0.0
-9.5   0.0
-9.0   0.0274658203125
-8.5   0.0
-8.0   0.0
-7.5   0.23193359375
-7.0   0.1861572265625
-6.5   0.0518798828125
-6.0   1.0528564453125
-5.5   1.898193359375
-5.0   4.3853759765625
-4.5   8.2275390625
-4.0   17.254638671875
-3.5   34.7442626953125
-3.0   78.23486328125
-2.5   72.161865234375
-2.0   32.257080078125
-1.5   15.936279296875
-1.0   7.861328125
-0.5   3.704833984375
0.0   1.3916015625
0.5   0.396728515625
1.0   0.4669189453125
1.5   0.0
2.0   0.0
2.5   0.4669189453125
3.0   0.0
3.5   0.0
4.0   0.1678466796875
4.5   0.0
5.0   0.0
5.5   0.0
6.0   0.048828125
6.5   0.0762939453125
7.0   0.0
7.5   0.0
8.0   0.0
8.5   0.2593994140625
9.0   0.390625
9.5   0.0
10.0   0.20751953125
10.5   0.0
11.0   0.0
11.5   0.0
12.0   0.0
BTM.BSFHV03
-23.0   0.2899169921875
-22.0   0.0
-21.0   0.0
-20.0   0.0
-19.0   0.0
-18.0   0.0
-17.0   0.10986328125
-16.0   0.0
-15.0   0.0
-14.0   0.0
-13.0   0.0
-12.0   0.0
-11.0   0.3204345703125
-10.0   0.0
-9.0   0.0
-8.0   0.2716064453125
-7.0   0.0
-6.0   0.0
-5.0   0.42724609375
-4.0   0.0946044921875
-3.0   0.0
-2.0   0.3631591796875
-1.0   1.226806640625
0.0   2.642822265625
1.0   4.4830322265625
2.0   10.272216796875
3.0   20.8587646484375
4.0   23.052978515625
5.0   13.4185791015625
6.0   6.0455322265625
7.0   2.9754638671875
8.0   2.28271484375
9.0   1.2542724609375
10.0   0.0335693359375
11.0   0.341796875
12.0   0.0
13.0   0.0
14.0   0.0
15.0   0.0
16.0   0.0
17.0   0.0
18.0   0.0
19.0   0.0
20.0   0.1678466796875
21.0   0.0
22.0   0.0
23.0   0.0
24.0   0.0
